[[[ 412.31        500.101543    717.63516406  615.45294376  324.5193083
    389.70479087  350.636577    340.63804696  365.33052892  448.11795428
    463.64422426  295.89922876  306.99072286  422.18436408  410.44811324
    375.92655813  344.89259036]
  [   0.         -127.44257398   14.97811153  -82.77724919  127.44141109
    180.28123361   19.63648865  -53.20062047  -92.78953928  -40.31734952
   -105.89349146   14.42032269  157.1933338    62.52565703 -186.32047074
   -221.53011361  -73.40354073]
  [ 175.58939993  155.52478262 -240.74358413 -648.18764739  195.65388628
   -248.37643233 -704.34767466  431.6353599   633.4703155   654.54823385
    739.1973709   686.56978973  870.80995943  996.83607459  523.46565881
    234.82521744  -10.22251477]]]