[[[ 371.2         243.15850413  296.14910487  299.48430904  499.24080447
    510.05114986  492.63255489  371.48060375  399.72724302  371.06051662
    384.79526183  538.28739311  778.94163465 1020.39194732  260.01567038
     62.16206017 -142.10789085]
  [   0.          -39.61910868  -29.4123108    81.87924154   39.61869491
     33.17168848  136.64727911  -81.78716984 -215.62435837 -317.52802844
   -329.7671207  -167.43111581 -130.65589016 -281.62793083 -198.38721665
   -177.98566815 -298.12213688]
  [ 414.36513811  414.74992216   29.48912571 -321.75569381  413.98037977
     24.25196336 -335.13187035  651.10129845  829.52874753  784.4324113
    883.92000846  815.95869563  711.75900815  736.7968052   815.62346578
    703.38677815  736.90310777]]]