[[[ 485.86        377.38921716  446.8481495   518.09500719  594.33002502
    598.38573393  630.20975299  452.19293797  444.36505445  405.58907065
    428.27077644  574.19977235  818.03307604  947.17583698  325.93654507
    113.87071741  -94.7181277 ]
  [   0.          -17.72864799  -35.95176068   15.09744783   17.72832935
    -24.79898225    6.36383748 -121.83380672 -295.22415594 -393.44427961
   -420.42654639 -269.28971587 -277.38428813 -386.02588417 -254.29951335
   -247.18358344 -371.36184736]
  [ 380.32395785  372.96049499   31.21668723 -278.42339539  387.68738957
     43.22234943 -320.39700909  578.42272017  705.82399821  646.0530869
    740.28602342  712.58862396  658.1835289   535.94699612  682.41694163
    590.8338846   653.98676702]]]