[[[ 224.092       112.16413713  175.44028955  183.95213558  336.01935589
    437.87588303  521.4184955   207.72910949  263.91251678  262.36744493
    306.24919268  368.7496197   419.76830385  456.39689493  133.16698909
    -60.46255287 -197.95651791]
  [   0.          -56.14767747  -41.43608601   36.74673092   56.14711209
      2.16562903   51.09594365  -42.35658951 -151.14790501 -243.0376866
   -271.81434462  -99.46447951  -22.37441623  -91.54365795 -153.09732139
   -124.64432584 -212.32318115]
  [ 343.94702156  345.11145176  -38.1827459  -392.60998071  342.78259595
    -41.1519579  -406.44984009  596.67362267  786.65353683  748.45052759
    846.74586165  748.53561303  498.01747041  249.97961929  764.63038404
    572.99374235  590.158398  ]]]