[[[ 465.43        354.10387288  391.84796615  365.90710491  576.75538599
    591.70498034  564.79134177  428.67696226  396.03232018  334.54041381
    331.79367708  526.63797022  690.73467862  825.67091817  281.54088648
    171.90558941   88.43330844]
  [   0.          -26.51450705 -100.13250161  -17.16323275   26.51418841
    -10.37006528   52.69333344  -91.19237227 -257.51391849 -362.74988693
   -391.5121609  -232.47302635 -179.96950842 -250.13075896 -224.79287665
   -206.47319543 -321.93937882]
  [ 374.45795785  365.42045424   53.47357495 -253.61406315  383.49538117
     84.96588677 -251.03453776  586.10147045  719.33612568  664.90846771
    762.74310768  723.20673162  554.61222992  307.27303836  665.87854591
    430.95024814  397.66007009]]]