[[[ 238.797       105.38237046  127.27632174   88.87529832  372.21056429
    463.05029989  569.64166026  187.59216718  219.39076589  207.68277989
    258.23643274  346.44989673  453.07346409  506.25047981   67.26507658
   -245.14665651 -429.82227411]
  [   0.          -50.49980855    2.2415006    75.13980625   50.49919373
     50.29789937  134.8439346   -36.73391766 -151.09930001 -255.90339402
   -292.2267698  -104.79817232  -17.20598619  -92.1734607  -138.25134154
   -125.86919431 -221.85589479]
  [ 443.79535516  444.84851581   24.68100585 -362.18126555  442.7422105
     21.70628509 -344.172964    699.14214094  883.21204617  834.93126701
    925.7646207   838.22265918  588.00086912  313.08104381  880.15270475
    826.00316127  710.91030927]]]