[[[ 3.88830000e+02  2.87783696e+02  3.41395553e+02  3.77766998e+02
    4.89875661e+02  5.23980788e+02  5.19747119e+02  3.82968284e+02
    4.38887795e+02  4.12250384e+02  4.54910567e+02  5.42167902e+02
    6.52161821e+02  6.17260268e+02  3.16753741e+02  1.30455442e+02
    1.28107922e+02]
  [ 0.00000000e+00 -3.94561782e+01 -5.15978921e+01 -7.93781431e-01
    3.94556229e+01  3.28242973e+01  8.43911852e+01 -4.31191265e+01
   -1.37387965e+02 -2.22103364e+02 -2.41156963e+02 -1.04186310e+02
   -7.81930447e+01 -1.68071484e+02 -1.37017875e+02 -2.31627731e+02
   -3.07748766e+02]
  [ 2.32815044e+02  2.36069824e+02 -1.39574454e+02 -5.10026715e+02
    2.29560256e+02 -1.36480128e+02 -4.92110578e+02  4.82502848e+02
    6.82636897e+02  6.49240813e+02  7.43792658e+02  6.28858364e+02
    3.84833157e+02  1.25397370e+02  6.88171338e+02  7.26754835e+02
    8.44899864e+02]]]