[[[ 129.872       -27.36575018  -60.88837475 -117.3067835   287.10865448
    344.63703768  424.45809774  123.78924829  128.24632823  100.10598593
    113.95875888  291.1958636   576.65622846  450.56406588  -34.77864198
   -279.38061661 -379.33571934]
  [   0.          -45.10047953  -23.18742688   60.16796917   45.10014641
     37.3098121   216.88840308  -19.17198731 -111.40827712 -215.32563822
   -226.13445939  -80.95257487 -147.03801417 -295.56629044  -91.24181502
   -133.78893326 -275.10418077]
  [ 373.83270525  385.29794588  -61.58706714 -491.79251645  362.36762403
    -75.3977941  -444.21555958  643.35581635  860.51002553  849.34327559
    938.35712793  854.87675276  851.34933792  929.59097502  832.31625023
    799.7390286  1014.8842217 ]]]