[[[ 468.32        360.78859359  409.87646068  366.4131738   575.85071334
    601.50940592  565.25802608  431.06490716  400.49279768  349.9385704
    351.10059478  526.90785769  692.84779381  822.90530249  290.77871845
    203.15528321  109.15610791]
  [   0.          -30.32476407 -109.36858144  -24.33888022   30.32442559
     -1.40474344   60.85396546  -96.67518563 -265.39133471 -369.75622913
   -399.51570101 -237.51013284 -192.14037957 -260.40210845 -237.49438022
   -217.02182581 -316.93517572]
  [ 368.66395785  358.53205656   46.63040677 -256.0090967   378.79577156
     81.16716264 -251.89214995  577.58060081  707.10461378  648.06417409
    746.81546049  712.88483884  545.42963302  300.67147145  652.46964311
    415.63979357  339.88778605]]]