[[[ 362.425       248.71310132  311.05200658  371.96609     476.13618352
    501.14952056  546.77093754  393.79379864  460.45542628  402.9902262
    450.39001328  578.45633449  734.81981999  653.11629274  327.19032125
     71.95899025  -70.06101094]
  [   0.           -9.17042857  -38.52729362   25.26277626    9.17023387
    -23.24933387   63.08345539  -58.17616206 -172.82590051 -258.25157994
   -272.1489625  -165.53090919 -156.70265172 -246.02425667 -130.34737182
   -144.01412013 -263.30523438]
  [ 138.11303908  148.4221035  -216.94492454 -579.51935159  127.80405838
   -228.69482599 -565.51137708  377.47561832  565.43132852  547.62809998
    639.50658822  503.15279242  288.67237541   51.26232986  585.9322226
    687.30324829  835.91986355]]]