[[[ 462.28        365.86008784  396.2963228   447.29349096  558.69926275
    595.44567594  588.42862368  472.91266121  521.14809906  496.58305
    524.95641299  628.93346601  854.36009092  912.66409492  403.14967491
    163.49196265  123.45904728]
  [   0.          -32.27957983  -74.75930613  -22.07260437   32.27916959
     -4.40441172   46.29141227  -77.55646273 -182.6147623  -268.30685416
   -272.34530392 -145.92344088 -209.395922   -377.80237814 -175.29496542
   -262.52027576 -365.64952067]
  [ 246.7648892   249.17513691  -94.2698727  -440.55831358  244.35464652
    -98.0789914  -443.38115651  470.79052614  664.72213112  640.51967968
    737.66001218  627.90231898  513.44547748  672.53033848  666.74163371
    663.87334113  818.38686355]]]