[[[ 3.85860000e+02  2.87147687e+02  3.41383180e+02  3.78281247e+02
    4.84571683e+02  5.23240099e+02  5.19797441e+02  3.79532055e+02
    4.33809817e+02  4.07133587e+02  4.48747693e+02  5.35728540e+02
    6.50883312e+02  6.18123154e+02  3.14193782e+02  1.29469849e+02
    1.27564987e+02]
  [ 0.00000000e+00 -3.94768193e+01 -4.86586699e+01  8.24624462e-01
    3.94762379e+01  3.61887517e+01  8.67612496e+01 -4.28574378e+01
   -1.36067180e+02 -2.18993723e+02 -2.38571221e+02 -1.03374220e+02
   -7.95410017e+01 -1.67554629e+02 -1.35626896e+02 -2.29649954e+02
   -3.03361783e+02]
  [ 2.30452126e+02  2.33755906e+02 -1.43377231e+02 -5.14069989e+02
    2.27148342e+02 -1.40649945e+02 -4.96549344e+02  4.80632745e+02
    6.81283748e+02  6.48016024e+02  7.42807569e+02  6.27432472e+02
    3.84542605e+02  1.26540445e+02  6.86488060e+02  7.26120372e+02
    8.44899864e+02]]]