[[[ 282.869       185.51307059  198.86262728  171.94357043  380.22438685
    394.06283562  377.04057589  223.32557391  207.64829369  200.01479121
    201.53876451  318.16290082  459.47517858  534.16177772  106.6631038
     89.88147287  147.50462363]
  [   0.          -56.60258964  -46.13053029   12.53462384   56.6020389
     62.27331465  111.66406555  -46.03688363 -177.30318109 -271.45551563
   -302.40546325 -123.74439763  -56.57628548 -149.88617926 -189.42703395
   -225.71595835 -288.43948395]
  [ 365.84187794  358.16353811   -9.08325678 -365.89650325  373.52015289
     11.44903165 -360.89670772  599.42234253  767.63600974  727.13140612
    824.35886355  769.06989321  591.6605156   385.75088169  703.06462401
    452.94772454  545.29574961]]]