[[[ 374.22        304.63774763  373.89956323  157.61039521  443.80163083
    698.59961323  714.45885659  329.43915243  337.16307044  397.5786807
    387.48060449  429.60320212  706.48160082  881.00936023  263.40994021
    347.39135523  547.17131284]
  [   0.         -104.88962491 -137.83526402  -23.08360082  104.88857501
     82.23440052  147.58939525 -109.03921398 -243.91329902 -325.78557188
   -364.09314375 -148.67236466 -145.77447915 -360.33287116 -313.09625393
   -447.94142126 -510.61953952]
  [ 380.53638224  351.94169806  -12.25411727 -291.77027091  409.130841
     78.78042619 -288.77227811  604.26392656  759.07303818  721.8808955
    818.37486355  767.76741008  671.50964304  548.08553389  685.56141385
    474.43938421  315.90510759]]]