[[[ 509.46        399.79361236  469.98886867  549.40931858  619.12581438
    610.802553    619.21205418  546.54079739  624.68217015  584.63002469
    616.60719955  741.65934902  905.73535304 1086.56916518  492.63216684
    249.31072851   48.91679449]
  [   0.          -29.00325342  -23.28848625   76.2142233    29.00296576
     13.44555658   87.68726073  -89.23626198 -222.5997353  -314.80318278
   -328.32678086 -183.35008152 -167.48021828 -317.84980761 -199.65328495
   -174.87001074 -288.50778338]
  [ 432.65381057  436.58395727   66.44283256 -287.57169123  428.72370586
     47.23598254 -318.38463008  658.79788284  827.29141545  777.49773626
    879.62444064  787.72841348  597.69993531  625.64716416  841.11054494
    793.70216991  877.65513994]]]