[[[ 462.32        382.4719423   440.01469576  366.75113649  542.16766132
    547.39718104  516.22191596  460.5284346   519.70980208  541.076429
    576.49439114  602.95916368  695.79217845  740.68891637  415.54846954
    272.28537753  185.61412375]
  [   0.          -60.65780168  -81.67568756  -42.3135162    60.65712819
     72.19120106   76.27699404  -62.67369384 -169.30757202 -234.72827639
   -251.57880792 -107.72401042 -130.181644   -253.71415684 -193.92392731
   -168.23622987 -154.95208172]
  [ 368.2556019   368.02682678    4.81489836 -379.6979394   368.48436002
     -1.56141263 -394.17976207  596.9120894   781.74162938  748.55418392
    855.82436397  735.30517194  515.68727956  652.04686079  763.59610406
    557.62446936  417.47187121]]]