[[[ 377.14        320.76700812  368.63426978  447.6739764   433.51276254
    368.03888586  433.45710904  322.88439899  297.71769837  258.87063919
    263.40554648  368.71272071  453.99716931  447.27634073  240.55741157
    203.43805523  134.45106443]
  [   0.          -17.92943346   37.97101033   53.85497768   17.92916116
     52.53618243   53.98430205  -82.93968497 -201.6305624  -250.54778912
   -280.81535201 -187.74182948 -195.65058494 -239.98619758 -183.01221549
   -161.68516069 -175.69038097]
  [ 458.44537364  453.81815718   71.82939979 -305.38173945  463.07255116
     88.93356784 -321.26390571  674.46741888  817.68713601  767.81719759
    867.21470881  813.06041545  641.93885032  402.44166485  757.61957575
    535.74738942  382.09862507]]]