[[[ 374.12        280.87114243  262.24602079  167.25781987  467.36818667
    564.38218259  684.35337024  312.79097837  294.60026027  281.00656943
    288.21775874  397.02571983  528.96591572  628.22481969  203.63087443
    147.73715791  149.98735256]
  [   0.          -49.19249487  -45.41033292   52.48774572   49.19190488
     49.63291126  107.70647725  -53.6971967  -171.93373368 -256.23787336
   -281.64720488 -128.81820473 -112.85213099 -220.76648388 -180.83347295
   -177.18677618 -241.76986257]
  [ 397.53463619  391.45011863   27.90296128 -317.09880564  403.61908554
     41.66994248 -319.36074412  620.77263558  799.04743005  760.85127086
    859.73786355  775.94104053  561.83406298  377.69284646  751.55311382
    507.19478106  326.05756947]]]