[[[ 356.475       217.81046399  279.16693697  264.48088423  495.13862557
    531.91029034  596.99198845  347.91192993  380.72902814  342.98366739
    385.33822622  527.03490659  709.13178248  896.6586603   230.65878122
    -13.59123636 -209.51246501]
  [   0.           -9.66750298  -53.89960639  205.2025261     9.66711644
    -73.76450534   79.23161407 -136.79442667 -329.21720843 -449.26487992
   -483.00937525 -307.19127303 -248.29926426 -309.46250149 -276.89638975
   -224.69092855 -314.41512465]
  [ 365.64695785  364.12185636   25.09167495 -126.08285142  367.17200059
      2.31697435 -206.01741814  567.70918114  692.82195588  639.22352514
    739.97349526  657.51704233  444.39907586  164.00445401  694.68802799
    526.1641917   402.0506994 ]]]