[[[ 886.14        828.06848296  829.18648769  977.85497948  944.21082923
   1091.20550576 1258.84312126  878.95169594  854.79287193  815.33853361
    822.40137046  940.90132494  998.20562408  869.61405949  786.66293347
    708.68994771  579.62380174]
  [   0.           -9.88576796  -61.30229248   -8.99647971    9.88569114
    -39.87126757  -47.83449044  -83.63108904 -193.08315605 -281.26976884
   -291.39462308 -212.00531425 -467.04882093 -550.28055361 -165.08182322
   -149.326027   -186.61739164]
  [ 179.6216961   172.53327719  -72.12879359 -338.49320664  186.71007469
    -46.13502393 -364.96396953  375.35321951  527.88628355  482.36926657
    575.21545079  542.976449    662.46964101  812.49986355  473.94743886
    288.40556408  144.38682599]]]