[[[ 203.35         84.24123558  134.82072156  181.94899729  322.45812403
    336.04893272  384.63638681  213.91740026  247.64172865  235.11183835
    261.04720857  375.3663162   546.29117282  566.27508304  107.95573493
   -132.26930578 -296.54139014]
  [   0.          -30.18828395   -4.7506878    65.68441085   30.18803695
      0.92084252   92.94468364  -64.79734751 -188.33093025 -283.87682737
   -293.48019105 -154.23340082 -182.35741561 -326.96288507 -164.85626538
   -134.36565165 -237.25609193]
  [ 376.33700721  383.07968654  -12.03603119 -396.63227728  369.5944132
    -31.54464532 -401.82437414  612.65562369  807.42844195  789.54992408
    886.11438135  780.06759382  640.00092716  715.5174214   784.61506048
    697.43431478  705.93822338]]]