[[[ 4.65510000e+02  3.79930452e+02  4.46296867e+02  5.16798273e+02
    5.51089145e+02  5.56102749e+02  5.96921579e+02  4.66116192e+02
    5.33819011e+02  5.40276571e+02  5.87184977e+02  6.22912035e+02
    7.37882494e+02  8.04006969e+02  4.19927458e+02  2.17854910e+02
    2.06721394e+02]
  [ 0.00000000e+00 -4.08104754e+01 -4.51554069e+01 -1.20605891e+01
    4.08099856e+01  1.00766392e-01 -2.39568980e+00 -4.58018656e+01
   -1.22459543e+02 -2.00606005e+02 -1.96417665e+02 -7.77163867e+01
   -1.18501430e+02 -2.85950455e+02 -1.37486731e+02 -2.26167259e+02
   -3.06205290e+02]
  [ 3.00619366e+02  3.02666190e+02 -3.51626823e+01 -3.92492139e+02
    2.98572549e+02 -5.63924207e+01 -4.15994819e+02  5.35632705e+02
    7.45826753e+02  7.32852988e+02  8.36208864e+02  6.88551356e+02
    4.58816638e+02  6.27683098e+02  7.45928517e+02  6.70090041e+02
    8.13980185e+02]]]