[[[ 303.538       166.491085    120.73261435   82.49480854  440.58406659
    624.19430663  715.84192696  265.1604809   268.19368392  248.56755227
    253.06115993  408.69872289  608.69792658  617.14971728  127.71927606
     -4.80371023  -47.24697848]
  [   0.          -69.54461928  -97.52707402  -47.07792643   69.54407154
     39.17455395  181.58854717  -47.02565311 -134.89653497 -238.99369767
   -233.03620535  -87.37928158 -181.50439955 -372.13483825 -149.56968065
   -324.78890406 -451.55480446]
  [  69.5997834    65.59508821 -327.75662596 -742.87799591   73.60449575
   -288.44716106 -669.40780041  318.6278656   531.10884781  526.28057155
    606.82174289  544.73939582  733.55637698  861.55791875  494.36524749
    645.11977619  926.34077931]]]