[[[ 436.01        323.96441397  368.1316234   369.79501095  548.05488039
    543.17959275  524.49661002  395.98117152  361.01239177  291.12483306
    291.28494595  494.77252171  682.86761934  874.06200526  246.49704646
    123.09225186  -66.50773618]
  [   0.          -26.21496256  -58.3260442    12.37294409   26.21463054
     27.37416837  103.50187808  -87.36813728 -241.8970392  -338.9479749
   -368.97859219 -221.14103787 -159.256322   -226.74353173 -200.48730644
   -150.17384067 -248.13815276]
  [ 380.26995785  371.70569579   27.09626547 -272.02791462  388.83416756
     67.45380518 -257.67223152  601.43380058  737.62028557  672.77307135
    773.8357726   743.57036495  578.9426556   358.53524573  691.02122778
    470.94414669  452.36311418]]]