[[[ 736.18        636.87672177  659.94671109  614.12889934  835.48247376
    913.22890999  927.54144423  746.30952606  778.7574619   780.35834238
    814.93646408  900.76247719 1197.64076706 1236.85226106  655.34667725
    438.01980045  328.22898861]
  [   0.          -23.29396218  -97.2952722    20.1631871    23.2935736
    -46.09333169   12.11553396 -102.95899386 -220.53889558 -320.60747206
   -322.4780498  -186.27566805 -306.33643144 -498.09992597 -207.20267624
   -283.88760634 -407.77131298]
  [ 249.23447372  244.98021303  -43.51209334 -347.45183688  253.48867482
    -42.72230789 -388.62799053  453.36134312  630.40456665  613.89956241
    702.38003839  614.1547149   698.14976328  797.80020487  619.58497501
    680.54116616  830.12686355]]]