[[[ 600.74        465.66357191  465.96661547  462.91043044  735.81557773
    772.85375586  781.65049363  625.18794499  664.13321949  642.34708731
    663.63443382  816.5412633  1137.83190254 1299.99781616  509.69684912
    230.75988874   51.40867093]
  [   0.          -35.31146519  -74.77344449   40.46554225   35.31112382
    -30.09963971   35.40159494  -96.14000454 -231.01731558 -342.44612126
   -352.21510043 -187.69901627 -244.25487178 -445.97289006 -208.20472631
   -223.08103925 -365.04854657]
  [ 284.9298669   288.63332974  -38.03894837 -389.59101839  281.22644684
    -66.1898295  -427.07595422  514.26809483  686.21136824  650.38518636
    743.91379831  683.39853658  723.51757291  862.53786355  679.13125338
    666.43812679  764.40323347]]]