[[[ 468.38        380.76207517  494.34425849  416.8861105   555.99756326
    548.05771632  460.81485479  415.6737165   420.34331425  409.42842253
    439.14037652  518.88778881  632.65389238  740.3899183   319.76102891
    206.47693927   86.56908729]
  [   0.          -50.78795054 -108.47400687  -64.35713437   50.78731678
     38.58626601   56.80073999  -72.26691252 -201.44700672 -283.94369968
   -304.82115319 -155.59214249 -124.21595769 -222.14746981 -201.33503103
   -177.4735034  -236.16477663]
  [ 380.42995785  370.78137046   42.75717751 -299.38868831  390.07845763
     56.23570067 -303.47285148  592.37504905  745.83118584  681.34527677
    788.49856235  725.18249839  514.38490867  397.30828519  716.21529304
    494.46242647  386.75019199]]]