[[[ 477.12        371.66486504  308.75039139  280.72973305  582.57452635
    571.33664001  587.44408093  446.18957464  418.22093466  353.2538347
    359.94093818  535.57722088  666.99759665  770.63497316  312.69974917
    201.67409331   76.28490581]
  [   0.          -13.53702708  -78.61363838   -3.41899312   13.53684926
    -49.0107121   -16.6709611   -84.27931974 -221.26879714 -307.99953808
   -332.47701421 -210.19801929 -193.74654629 -296.2960569  -185.61900597
   -166.60186721 -269.80423658]
  [ 359.77695785  359.07410983   55.50261504 -246.18196538  360.47981231
     59.67633525 -271.48231232  575.78406674  728.62314279  651.80883392
    753.6597479   726.02778293  533.51000406  507.28675022  693.94724443
    466.07484978  530.31363995]]]