[[[ 347.552       234.80860166  263.10313633  254.9570971   460.29471511
    467.89024504  468.82739265  276.35503799  241.56490882  221.95876307
    239.56254602  369.08714411  525.97586815  628.7009599   124.02538603
     11.69100744  -55.34565865]
  [   0.          -49.29157567  -48.54331034    9.04896955   49.29097215
     43.48818239   89.47782844  -58.73761777 -192.59491473 -294.48970129
   -334.81026916 -154.80631037  -86.55771659 -174.7098105  -181.0803156
   -161.65132067 -248.88748416]
  [ 398.01395785  390.15439049   16.508061   -305.43218583  405.87345534
     52.85579811 -297.00151044  634.70475932  788.56407824  725.26178806
    824.56889857  796.05186965  619.98446886  392.82647277  735.37306384
    490.49991875  383.94763486]]]