[[[ 485.85        389.53028913  391.86900945  323.91437341  582.16910822
    634.31852133  714.61446801  517.74138007  562.29468938  537.40189776
    557.21165841  664.67495761  744.18368221  717.14939413  449.1515112
    320.43735529  235.58237335]
  [   0.          -33.29113258  -57.80166803   50.74612855   33.29084174
     41.7247167   110.15585047  -80.1337591  -225.76206282 -312.29663882
   -339.18925569 -188.7955852  -170.5447432  -242.34674509 -218.32523247
   -171.53209222 -187.03829256]
  [ 407.00658454  411.08824816   48.5041851  -309.77408583  402.92493106
     44.09286946 -307.17759626  628.59340084  800.1121445   778.94514662
    880.14686355  762.92271411  543.03486516  312.86908725  768.04820505
    554.64372026  339.11197857]]]