[[[ 441.75        318.59282073  392.83408411  432.48740525  564.90633098
    612.57518108  636.91557077  437.18976183  493.02718367  446.41195604
    499.15973978  622.67127393  768.2895619   777.77804234  344.73499903
     18.51114852 -131.56592747]
  [   0.          -31.98756359  -72.06292511  -22.86893284   31.98702977
    -18.66685891   43.40350569  -61.3088921  -186.43659236 -290.03347702
   -321.72304875 -162.69380165 -122.39663945 -221.37234442 -151.72622994
   -160.28002473 -316.89300957]
  [ 192.18187825  195.71513335 -159.78339988 -533.107602    188.6486423
   -168.49435988 -524.4108258   445.61299939  622.6612349   564.39941626
    657.85250649  579.78369524  354.79154132   54.42902632  638.10433297
    678.43604014  844.93286355]]]