[[[ 303.455       202.38495044  217.41667431  214.81143641  404.52440659
    428.33527851  423.07029077  283.18608664  296.55011748  288.17980897
    288.17819508  409.22263421  588.09363339  736.0191991   188.22894167
    138.37331567  179.40486945]
  [   0.          -54.49925634  -43.6289997    33.2686021    54.49872207
     61.46321098  112.86934067  -89.671784   -250.39822023 -345.55504601
   -384.14841268 -190.43470438 -143.46560695 -256.06594361 -260.0310954
   -284.57611183 -367.46117435]
  [ 389.26995785  383.29083563   -2.84492731 -341.9083494   395.2490231
     19.54916349 -343.82313069  621.98718444  771.74230709  721.45684718
    819.88115282  772.16423338  610.19800238  430.55997876  718.27808512
    481.1118076   383.10081635]]]