[[[ 371.32        251.96064985  282.09934788  276.3433781   490.67844436
    596.933642    713.96499356  319.50282456  310.20372456  287.7754259
    310.68622049  434.75004062  568.33849922  734.49619936  189.2388979
     51.37359723 -103.02800054]
  [   0.          -41.27808144  -54.0644626    35.3509464    41.27758899
     -7.48602234   28.54344177  -76.94536073 -217.8680387  -318.22650751
   -357.07414146 -180.90741612 -111.4800065  -170.19483533 -202.99193493
   -156.9116552  -224.23653289]
  [ 404.04095785  397.10958509   41.10345249 -277.63964867  410.97227646
     66.12912099 -287.45061931  631.25721089  783.52809044  712.48316862
    810.89185932  768.41609191  566.86101003  313.92130204  751.33996478
    537.79919647  361.14453786]]]