[[[ 282.93        171.72911955  253.49478869  346.30586682  394.13029842
    458.19332135  517.77024175  246.67527485  256.70494248  259.59042634
    261.57378593  391.49517415  669.16638121  741.01177724  126.33213082
    -40.34399394   10.59946675]
  [   0.          -74.41092903  -49.93196816  -17.59231785   74.41021929
     39.09650844   85.39477559  -52.52824913 -162.04772725 -254.85824666
   -270.62422866 -100.37545276 -145.742296   -348.34458862 -183.51090998
   -290.99255878 -365.08806593]
  [ 452.22130446  446.55293045   55.34353897 -367.22889473  457.88966457
     59.7138332  -362.82874889  707.95025093  902.96204726  867.75615089
    959.90019919  907.26611176  861.25621552  924.66430596  858.56657099
    765.35800219  875.26100751]]]