[[[ 4.56490000e+02  3.46994119e+02  3.12612118e+02  2.01579734e+02
    5.65985197e+02  6.28336053e+02  6.38339325e+02  4.96261918e+02
    5.53972618e+02  4.97872250e+02  5.31835392e+02  6.71673847e+02
    9.11392677e+02  7.66606040e+02  4.26846607e+02  1.43558698e+02
    2.85558665e+01]
  [ 0.00000000e+00 -1.50918311e+01 -9.12611565e+01 -2.09201437e+01
    1.50915752e+01  8.91011561e-01  1.53395019e+02 -1.00597552e+02
   -2.17823959e+02 -3.03424467e+02 -3.05805985e+02 -2.08533909e+02
   -3.59367691e+02 -4.48637866e+02 -1.74042906e+02 -2.35763867e+02
   -3.45828328e+02]
  [-5.01819460e+01 -4.21956632e+01 -3.49119656e+02 -6.90417726e+02
   -5.81681272e+01 -3.79520498e+02 -6.76301820e+02  1.60842539e+02
    3.38521386e+02  3.36652124e+02  4.18624772e+02  3.15011552e+02
    4.92704237e+02  5.54458088e+02  3.45368426e+02  5.97054812e+02
    7.88972864e+02]]]