[[[ 536.02        428.20023191  407.10660805  399.88510686  643.83902059
    648.89496312  666.33618587  532.166991    580.96382658  595.19844431
    635.62800932  693.61687401  878.24670525 1041.56973408  455.6401399
    270.64338724  172.94090633]
  [   0.          -36.86331494  -54.11632398   47.1457476    36.86275297
     19.20457222   56.77169775  -91.76221559 -216.54151393 -312.29100561
   -332.97899001 -164.78691725 -170.70419988 -307.3956812  -221.32504053
   -240.1047676  -272.81978554]
  [ 410.94219034  412.32699118   70.18114276 -278.93817377  409.55738128
     55.54257914 -309.6959855   632.49149102  805.60778345  748.58445988
    853.76186355  760.82431012  599.75669591  617.47724611  811.12305971
    701.23195334  546.08566556]]]