[[[ 480.07        384.94871855  442.68844971  502.25983836  575.19066585
    582.95777502  623.80415173  443.48949342  411.52434203  373.59142113
    380.21063879  532.79786173  769.15103929  986.61317348  305.90359812
    103.45935794  -86.24557647]
  [   0.          -22.503687    -22.84050201   26.39390001   22.50344336
     -1.56338115   38.57148751 -111.0484129  -265.65074079 -352.96478117
   -375.20427525 -237.89673254 -234.51412332 -362.12582571 -229.10186599
   -214.66369201 -329.61523034]
  [ 380.32095785  368.5976403    30.57545309 -286.79630569  392.04422454
     50.69764202 -308.04901979  586.32116395  721.40796982  670.37857636
    763.71203718  753.59925847  744.71001335  743.57322799  668.1364003
    529.8457369   568.05106652]]]