[[[ 253.352       131.57993884  170.35538258  -16.98876362  375.12322078
    535.92552379  621.51414452  161.57197146  143.21105136  188.33354083
    186.06588504  286.35558978  594.05384406  846.32720155   10.33061923
   -106.39571618   86.81651171]
  [   0.          -93.2789017   -92.14261328  -15.34667067   93.27797932
     69.55598538  151.15551976  -76.86572159 -221.47995574 -332.71656251
   -369.72832352 -134.33124234  -81.74217971 -281.98520906 -260.98560912
   -369.85297378 -481.08927117]
  [ 425.63574031  402.16541509    1.45586329 -344.61390571  449.10592671
     60.73079784 -330.31531919  661.6076585   812.10505618  764.24426293
    856.43482737  836.97060021  808.10053933  692.37105062  745.81387919
    512.17528182  493.85560826]]]