[[[ 347.779       251.5230014   296.33081365  328.10040663  444.03443592
    437.97165271  432.19549764  316.49382216  309.58841109  289.92630841
    303.48461197  422.60510164  576.04091436  617.07112152  201.48134215
     84.09888213   45.63351976]
  [   0.          -36.51615207  -27.18997539   45.41555145   36.5156828
     14.22036797   49.21987874  -65.12157198 -206.43539524 -298.99929387
   -327.66890734 -170.15715682 -153.16964443 -257.67816161 -194.10897864
   -185.29232257 -274.75011898]
  [ 398.69928617  395.97091544   33.98229773 -308.91501192  401.42763297
     37.02162953 -335.63270763  631.41539606  798.21554754  749.34231358
    847.85386355  790.64312543  619.13281685  490.3419603   752.24950356
    532.1324202   496.8229333 ]]]