[[[ 480.05        365.76681599  300.54221582  198.69849252  594.33234679
    683.85708803  815.52774328  492.79655311  515.5099947   469.89951702
    478.60780402  636.26385322  789.20143657  903.25808145  393.77145322
    227.70837753   79.83654322]
  [   0.          -30.2862029   -49.74718633   64.6892179    30.28593806
     17.10607458  107.89270385  -73.42917203 -205.98380661 -298.11111097
   -320.23183351 -170.51943914 -135.81829415 -245.15153612 -186.26396029
   -144.36980294 -236.51547669]
  [ 406.67697701  411.42368446   50.45064836 -296.93601432  401.9303165
     43.39834091 -306.8499381   639.30624576  824.2754211   784.89221105
    883.07486355  802.79747212  638.05054031  519.91023366  797.94098906
    646.27822794  614.49158306]]]