[[[ 580.04        445.92037781  450.80605516  456.71238745  714.1586585
    743.09895621  768.97466276  585.81187801  603.76665721  589.50253021
    612.845128    758.03151748 1064.34515379 1124.83003619  451.56714531
    172.9966473    45.71895559]
  [   0.          -31.79156155  -54.22953039   52.20661743   31.79121459
    -27.79221339   38.20747072  -86.43534933 -215.82904297 -329.67437268
   -338.41094246 -181.8950808  -297.09595058 -491.1569713  -191.74125383
   -227.31781909 -362.19548637]
  [ 194.97772433  197.10799134 -147.7837358  -498.01646488  192.8474862
   -169.81664069 -537.94123521  423.93428547  599.57960054  570.7590434
    661.08172893  605.88427256  710.87572566  868.42586355  580.47575673
    560.6212361   658.23699526]]]