[[[ 444.82        333.84847446  336.07148942  279.9021188   555.79057525
    599.53938779  649.334229    485.4514466   570.13471505  523.6228187
    587.17767049  675.04850393  783.46583416  678.81909151  442.819425
    180.05193867  -17.3933161 ]
  [   0.           -4.70551808  -27.47363859   85.0273117     4.70528329
    -18.48603034   67.78090601  -82.70152109 -219.01855054 -304.37284849
   -339.59643516 -212.15581752 -196.09832734 -285.7837729  -170.18162767
   -134.60677113 -242.39523584]
  [ 303.06086044  319.99473202  -60.59873837 -429.07647653  286.12710863
    -96.43615507 -463.3777086   532.59525672  693.6671989   663.93498559
    753.72199084  615.32301439  362.08090333  127.39944982  732.95339711
    818.54857491  880.44156904]]]