[[[ 489.1         421.19173558  650.7633914   557.68566097  557.008088
    585.52766448  452.29311204  446.38925     479.41297486  530.96816938
    556.768105    568.59033495  786.54445462  938.50809861  383.59728188
    255.56024749  200.08101416]
  [   0.          -78.79835113 -135.49328776  -65.78142718   78.79749511
     27.27134052   29.67765192  -81.15493203 -213.57683573 -285.28338357
   -295.1886601  -132.56006168 -154.62303468 -318.36032738 -251.73025783
   -278.77941486 -282.26987056]
  [ 383.38395785  363.61123045   83.65114269 -257.9323747   403.15652652
     88.16073316 -309.13675144  594.77787011  743.42784835  700.39037687
    803.44567835  736.37509485  644.37577591  619.10804247  695.03802361
    469.77725887  273.78490043]]]