[[[ 306.496       197.53216976  242.14024133  219.31550355  415.45891121
    440.37328188  415.27367408  276.96194936  301.89239983  290.2058662
    310.71238593  422.24445368  642.73271196  786.49534077  173.05106014
    -62.94146671  -58.05694823]
  [   0.          -55.99744956  -12.39765256   61.33877138   55.99676843
    114.03758539  226.2639132   -65.39777661 -197.88229147 -299.9536621
   -332.46647476 -137.66773347  -79.76082133 -153.17338151 -197.48805024
   -252.82901329 -342.00538508]
  [ 466.97000963  463.27001764   49.69912622 -353.96883012  470.66995772
     57.14621174 -319.24824657  710.4164306   886.44761256  847.4265805
    943.65683974  865.59536469  716.56466748  494.36218227  861.97095005
    826.95098873  751.35316393]]]