[[[ 253.622       142.45299548  178.84602786  172.10386724  364.7900135
    371.48399759  326.07657063  239.7963295   242.39123186  219.86798312
    230.3693075   371.56263154  625.49179545  503.09742942  113.94904712
   -134.4710652  -113.61613908]
  [   0.          -27.67601561  -32.117827     42.7892921    27.67568378
     14.95700444   77.08003675 -101.97304728 -270.99142425 -373.1935682
   -397.88686558 -242.00919661 -318.82028335 -401.26982175 -244.58304498
   -302.5023156  -381.51768297]
  [ 403.01711556  405.40895001   40.44076696 -348.39846016  400.62529739
     20.26724429 -363.77647969  618.94269653  768.17214491  749.92142521
    845.34959525  750.73934855  648.68389095  486.8349633   734.52366914
    707.70669101  599.48454266]]]