[[[ 350.627       251.86886619  316.03877367  329.38180867  449.38440505
    448.77630428  449.42948072  325.69666575  318.29939684  296.50939354
    312.26646885  435.92297252  596.76124124  631.88201855  206.18492716
     76.84796681   12.77673943]
  [   0.          -35.55940042  -25.35892146   60.10043169   35.55891508
     22.79126469   54.43359385  -74.73620132 -231.3313278  -325.9436355
   -365.26531521 -198.69076108 -168.00672437 -229.71340698 -212.70516855
   -187.41945387 -237.36485383]
  [ 412.76495785  409.59432058   42.90698723 -293.99817079  415.93556478
     46.82626251 -324.46896951  646.74664145  794.73595284  742.78763508
    840.68459266  789.33077432  616.11774161  330.86686945  744.14085848
    525.06376278  337.8740408 ]]]