[[[ 485.86        374.95037185  446.24627996  513.68983508  596.76882341
    610.62674944  635.74933816  457.98247341  434.59302586  401.81933322
    416.97122233  572.52168183  831.83086828  978.02470016  311.89894531
    104.88580899  -87.76455003]
  [   0.          -17.85934049  -44.81326121   18.57534055   17.85907508
    -24.90257795   22.08493972 -132.06617363 -317.87146424 -421.70840242
   -451.32867687 -290.75530528 -285.68462089 -386.26833112 -276.17776639
   -270.5256277  -379.25075049]
  [ 377.29295785  365.03900852   32.8958589  -269.01126424  389.54684542
     55.88294444 -298.98060139  569.75311225  683.32172561  624.73880473
    718.66356434  709.88782446  675.01560876  528.25934988  638.09756733
    491.0238589   485.46085788]]]