[[[ 394.75        286.608285    262.67883558  182.08370345  502.89083366
    607.94978668  731.94649531  372.69534512  364.52708522  339.1750793
    335.2707444   482.4654103   640.68652621  769.28544297  258.08781348
    193.68800549  160.15205151]
  [   0.          -39.94890866  -60.38459373   58.48478514   39.9485189
     15.60910068   86.4952846   -86.92392705 -243.27681686 -340.09450045
   -371.39541835 -197.68489996 -156.85211222 -254.91930024 -241.15220894
   -232.58475601 -319.65683939]
  [ 427.39219981  420.14285953   64.05316119 -281.0796713   434.64148689
     75.49027804 -284.74947808  652.10963207  811.44270147  767.29715685
    862.65686355  809.48369725  645.11117393  460.95419419  754.38728794
    514.35655651  347.57229646]]]