[[[ 418.17        348.19449895  203.28465826  367.20889931  488.14551081
    408.58415821  695.9242338   470.05818973  486.86351158  380.94632646
    425.87670655  559.94078074  554.90895463  435.51380407  410.3011309
    294.04321115  130.23270571]
  [   0.           54.84948197   13.43148621  139.70332116  -54.8490564
    -83.2539101    59.77537331  -42.63144561 -108.86958178 -170.2314299
   -170.11981157 -180.15799353 -276.68959528 -314.91772908  -27.19764112
     39.53308141  -64.31503005]
  [  92.07087404  117.58118826 -119.62225019  -50.01435793   66.5606769
   -179.4424596   -42.96390905  309.49961025  520.15565705  500.96818314
    603.59086355  475.07196783  224.4782744   209.93733632  511.50755212
    279.65591858  296.86471114]]]