[[[ 268.19        123.67570925  164.47987915  174.88505879  412.7034393
    406.85401715  355.44027855  275.13112482  304.0591156   259.84074621
    264.86014426  459.5052798   756.42812132 1026.76301476  145.83123646
   -134.32201512 -360.67938565]
  [   0.          -43.51655162  -23.47168748   74.61601816   43.51613694
     50.36109659  198.47964202  -76.82846525 -207.77114661 -314.01602477
   -323.37819364 -155.36639175 -122.48613487 -268.27856664 -181.81565607
   -171.06721096 -310.79631988]
  [ 370.27051014  373.28079315  -22.29173    -391.62264876  367.26029548
    -29.67485214 -381.35035402  612.51139947  793.54300754  753.50323983
    850.16596637  785.72856831  783.49118101  837.961078    784.13316183
    814.3268581   872.9671589 ]]]