[[[ 3.71250000e+02  2.59333436e+02  2.93002167e+02  2.84716476e+02
    4.83165767e+02  5.96508497e+02  7.09124524e+02  3.20749032e+02
    3.12104163e+02  2.97857583e+02  3.19273330e+02  4.30475702e+02
    5.44324606e+02  6.33100310e+02  1.96227737e+02  7.30556610e+01
   -1.97909090e+01]
  [ 0.00000000e+00 -4.87388353e+01 -6.63447818e+01  2.47996937e+01
    4.87382695e+01  4.65878857e-01  2.52391742e+01 -7.52337205e+01
   -2.16280455e+02 -3.13715757e+02 -3.55281298e+02 -1.78380580e+02
   -1.33201258e+02 -1.92972335e+02 -2.10272893e+02 -1.77986431e+02
   -2.18888840e+02]
  [ 4.04036958e+02  3.96419585e+02  4.50095257e+01 -2.77089072e+02
    4.11654259e+02  7.47317226e+01 -2.82092675e+02  6.33007690e+02
    7.83156873e+02  7.15275698e+02  8.13403617e+02  7.71309969e+02
    5.62798336e+02  2.70646162e+02  7.41409631e+02  4.88689383e+02
    2.12742168e+02]]]