[[[ 356.49        304.39659937  349.2179021   155.49942016  408.58302084
    630.40371897  629.74632726  269.38019889  240.02864253  293.71481341
    287.42092213  307.05991904  466.19424721  600.15017155  186.72954765
    242.57543037  337.69492674]
  [   0.         -101.44969857 -103.03799588  -37.55331138  101.44877219
    109.41597249  151.93119325  -57.69632814 -152.9375209  -218.43266888
   -239.37059367  -67.58029808  -73.24954092 -256.87098962 -219.1365513
   -307.06626561 -340.37629926]
  [ 335.05464594  310.4377945   -57.65161903 -340.19444021  359.67132296
     30.30012009 -343.37213395  557.03678793  737.51490261  722.65103747
    815.38686355  732.80211844  638.06844101  665.37394463  668.37392038
    445.47321846  371.64143105]]]