[[[ 438.92        337.78237083  276.6494684   250.86688987  540.05695282
    639.52692004  829.14249889  435.22864172  429.48966298  360.08994412
    364.63699519  542.37878448  627.72203503  599.36095356  321.81600071
    149.30547092   58.68978168]
  [   0.          -15.66787322  -75.85458063  -19.48729248   15.66773925
    -73.88499373  -33.08924001  -58.63908693 -164.3133323  -244.94460749
   -254.34766753 -164.08343487 -231.99970225 -343.79770953 -133.73824897
   -129.93921266 -254.90221454]
  [ 344.06619054  348.90207257   30.16106474 -280.70853816  339.23036362
     31.71412613 -282.73437064  572.53616388  760.79988629  705.46981508
    806.59486355  744.05333262  528.80833993  630.81288904  731.56708546
    536.09263784  633.97624868]]]