[[[ 441.89        331.31681141  384.59785486  408.83475656  552.46259035
    560.62000179  547.27518233  406.23670052  372.35609401  312.21672275
    308.18166899  505.58697594  690.15089682  889.54865585  254.0096344
     93.33614555  -79.91545399]
  [   0.          -29.55871056  -66.8226731    -9.46403329   29.55844129
      8.74338666   86.0546514   -86.1190369  -230.94925397 -329.20163428
   -347.93353529 -203.66335667 -173.82063503 -307.44978659 -197.98200722
   -166.07028134 -298.79925952]
  [ 377.51495785  367.77429014   32.10502703 -274.90610791  387.25558415
     65.11756818 -256.02853664  595.322142    743.6751901   681.70846259
    780.57834771  759.36809787  643.90188041  625.42670003  696.98840314
    498.90046154  538.64532438]]]