[[[ 277.053       153.43880039  207.54291025  262.34381877  400.6663751
    580.77622967  654.81617223  213.72150993  190.18455625  193.8952704
    190.54677186  326.69756927  601.87425229  653.85796984   63.0292435
    -71.67544836  -46.12561719]
  [   0.          -80.0841901   -81.64764732   -1.91773385   80.08363764
     28.1778669   137.22319463  -43.1946405  -124.60349867 -231.31052598
   -221.77322146  -63.6895575  -149.80659646 -367.45081226 -152.36274504
   -386.04015595 -502.46912108]
  [ -23.4900305   -34.61042303 -408.25504492 -788.74634377  -12.36966287
   -374.85148741 -752.81295581  219.95116578  435.65094762  442.27515831
    517.52765356  458.37613611  716.95785056  850.06778685  392.87435802
    614.10274934  876.11931326]]]