[[[ 288.751       172.9747025   190.48083659  232.56067053  404.52657055
    423.67967046  411.7201438   285.52871771  311.25814827  309.82182067
    328.21651592  441.68925018  715.46123214  725.3881023   183.09442863
      4.87387039  -76.75716561]
  [   0.          -42.49136339  -23.78017992   60.3554864    42.49082505
     46.5908065   135.37595715  -60.49684138 -180.88794885 -271.05210304
   -283.35571311 -138.07166054 -217.55466822 -373.4341667  -177.01045985
   -172.60376772 -227.98134934]
  [ 410.70978259  415.9743856    25.77158176 -365.90991399  405.44522634
      9.98970549 -377.64299865  652.36376034  846.27003098  826.42472244
    922.95578124  819.17936839  757.13812802  898.39010508  824.45961487
    667.91619117  604.05412983]]]