[[[ 274.067       156.17012813  218.02531072  263.42269345  391.96315921
    636.1535594   743.35187788  220.016476    214.5074144   224.89167485
    210.22117609  346.49126691  642.213443    744.71150655   90.87991121
     18.93272201   94.94219802]
  [   0.          -97.45258743  -95.75663082  -28.15205516   97.45192601
     53.18294051  143.04521261  -37.25462527  -88.82273038 -190.07106892
   -177.59874447   -6.81366118  -70.09140876 -324.33554888 -148.97863879
   -422.34506427 -512.84826083]
  [ -57.15389831  -69.87870854 -443.28578307 -845.22873716  -44.42912171
   -406.5537384  -777.32249626  190.30554835  422.0638955   431.05723712
    511.73485458  416.3859617   524.84096589  685.70562455  395.15590728
    655.80441176  901.92183885]]]