[[[ 297.57        224.59401689  323.25641512   90.24689916  370.54563257
    531.90728208  542.25694342  164.81605734  110.72650867  162.57107546
    148.60887481  212.17814076  475.41146214  696.51783509   32.71616302
     22.60537727  213.27918966]
  [   0.         -105.48186375  -83.21928234  -42.09045215  105.48081043
    130.87070331  191.33549945  -44.23823394 -133.13053919 -209.47920781
   -226.94403836  -41.83198347  -24.12302562 -237.2713111  -200.84573514
   -334.32103342 -407.92032438]
  [ 375.13583176  345.94570476  -47.35425323 -375.47099309  404.32575413
     21.23150758 -378.55981959  593.75815845  767.69817592  747.34403639
    841.26665135  772.48744267  744.74430769  719.21306556  698.59869602
    478.72908223  471.1701043 ]]]