[[[ 385.94        268.39204748  378.16649713  315.42061309  503.48722865
    504.28389506  430.16313871  344.21265684  373.10930032  386.12515269
    428.25968951  504.04365883  811.10734672 1076.52159982  236.41966158
    -14.41140483 -210.49702261]
  [   0.          -51.24134237  -76.81725827  -15.62607252   51.24058505
     36.88731888  105.63323472 -110.33804301 -265.50571389 -366.25203738
   -387.93720936 -197.1792998  -148.36653044 -291.75031928 -259.22385185
   -299.2529989  -427.37741615]
  [ 443.03257922  434.08441766   76.80464483 -308.78882333  451.98067299
     63.86988097 -335.88290571  659.142811    802.83867238  739.38226448
    835.35365757  795.00006864  757.32274009  735.24577214  795.67076379
    734.57938337  780.05133959]]]