[[[ 535.98        430.97094329  507.99695224  435.71724017  640.98836485
    641.72394824  602.57213065  550.12099757  616.10113988  589.92400864
    630.80911471  727.71724815  889.41951573  986.1505775   489.37485718
    275.18168417   83.0008398 ]
  [   0.          -36.72981933  -69.1293657    35.84334881   36.72928836
      3.44523752   22.34229795  -98.41393431 -252.43342536 -343.16000825
   -369.54339332 -207.37836804 -196.80093032 -323.97533139 -237.59140566
   -198.10488245 -234.640589  ]
  [ 398.03095785  403.57742179   70.68026446 -274.05153091  392.48451284
     29.80660254 -345.34821445  614.57623598  765.76367723  711.64222984
    815.40637511  709.44124486  502.7547137   408.09432755  778.33260414
    669.13139632  533.37049861]]]