[[[ 586.11        451.30841767  453.19746104  456.06959944  720.91065434
    757.17990182  771.49584572  601.0131492   628.08280974  608.58556504
    628.21127084  783.68461908 1128.26598463 1251.56835803  476.57503976
    217.53386892   37.45164847]
  [   0.          -34.35841503  -56.82899647   56.52638991   34.35807053
    -19.51578058   46.16834014  -93.92186869 -228.92202986 -339.51897065
   -350.11571166 -188.57993898 -267.16217922 -479.29228077 -205.83944666
   -230.07429213 -366.085846  ]
  [ 261.54690953  263.55790102  -80.77450859 -434.00481791  259.53595161
   -104.38344769 -472.15902769  490.73468363  661.28269798  628.09661619
    720.13204796  661.19563877  714.22485928  865.52886355  649.18973001
    627.93930459  732.00216893]]]