[[[ 371.36        278.21441253  461.93781864  427.1837145   464.50527354
    444.7554907   359.26184374  330.68252502  357.74001772  354.33845495
    397.4757976   470.865797    700.2466587   546.14239678  243.96963468
     71.42664012  -47.89852336]
  [   0.          -54.50578686  -77.61269011  -41.17407015   54.50496318
      1.25722461   14.38319876  -48.25274963 -152.46557992 -227.7290493
   -236.2093255  -114.24176356 -201.33008365 -312.24684605 -155.79901478
   -189.06882319 -254.35181852]
  [ 405.57172122  402.27836624   60.77160498 -320.24803305  408.86503585
     47.32793665 -380.50071818  639.27058169  823.694528    794.75905359
    897.0134394   783.32392757  620.78871002  617.40520132  808.33206159
    660.78878926  734.08735145]]]