[[[ 218.173       131.83114195   68.98816555  138.97370379  304.51449057
    286.25940246  535.34320461  279.45873569  342.23432539  304.09675036
    355.58663025  435.20323022  615.32933428  459.44252022  242.65801729
     48.18780474 -134.38439119]
  [   0.           23.65207886   18.30036992   55.48070248  -23.65202784
    -51.43999613   32.24772338  -62.37492664 -150.35052619 -203.17939212
   -210.38169738 -167.64732755 -296.04641115 -380.51349778  -93.77426892
    -32.32986791 -101.18167021]
  [ 311.62219422  335.5153842   -58.91684727 -437.25251717  287.7291779
   -104.85740326 -420.59831179  520.87230755  712.21820118  712.1396556
    800.95771139  678.45418722  645.46544973  742.5679292   696.65176943
    623.51818421  741.29347878]]]