[[[ 506.63        416.35354332  527.73974459  463.1756975   596.90605354
    633.53452996  567.3223932   429.69518642  388.48528883  377.3358613
    391.86893381  498.58865503  605.32354898  639.6039351   295.71657365
    286.07793957  303.39712151]
  [   0.          -36.83021746 -116.43406277   -7.62749179   36.82969887
    -46.70593487  -35.7271878   -82.14798771 -233.87673357 -334.73833616
   -353.03960703 -203.94159269 -181.45976036 -266.68349914 -227.40444709
   -264.84158071 -344.18895879]
  [ 362.74395785  343.79596464   59.4088235  -213.98398151  381.69175412
     85.84559293 -261.52599117  553.43599243  682.60371016  625.74976192
    724.71967451  690.2041879   504.33057657  229.08527999  622.9071736
    367.04752509  425.54296263]]]