[[[ 300.518       197.75257987  287.27628505  342.09894679  403.28279388
    487.91821649  576.7272433   258.97740643  262.49030797  249.97220833
    262.00655685  376.68022304  518.67835116  607.9283779   154.78970339
     95.00154515   97.75742166]
  [   0.          -58.20456287  -50.90650658   26.35633164   58.20390786
     60.89477275  130.63793924  -57.44740179 -189.71446776 -287.17472971
   -323.13151556 -142.55194986 -111.17600301 -196.88212054 -197.70877718
   -194.87323608 -250.56083531]
  [ 410.01048717  401.62916739   10.05472419 -325.72748302  418.39173023
     47.54669062 -286.73972323  646.91023141  814.01519442  765.13172513
    862.56186355  798.08580322  591.48116189  301.76784149  768.01154923
    518.5256444   330.94687998]]]