[[[ 442.01        326.43897558  305.30198518  336.85452764  557.58029865
    540.00103185  525.08874627  416.70575039  386.38870001  315.28808224
    315.42696369  519.81021168  698.6312936   883.11355427  268.85261806
    137.83976565  -26.87218144]
  [   0.          -14.25587252  -76.04135379  -17.28101387   14.25562792
    -26.81038976   33.95666765  -77.86775165 -229.51004157 -327.78224142
   -351.61254925 -212.97990543 -173.70766243 -278.60073981 -185.86229974
   -144.03739295 -259.17984257]
  [ 380.28995785  379.55590797   75.43557146 -263.65121732  381.02400867
     75.11009615 -267.21596213  607.13271973  755.7140549   688.37843522
    786.60122136  756.44992831  609.26946964  486.16828652  713.73534492
    498.96865208  501.35390489]]]