[[[ 327.143       223.74783554  297.77930278  327.14717734  430.53758741
    448.85524585  444.03869847  302.23943477  326.03121067  316.50296496
    338.58544518  434.33974061  527.38076833  566.61580902  214.3506136
    122.41415205  109.82973322]
  [   0.          -48.78414291  -74.35803073   34.32721565   48.78353368
      9.66402548   52.15489285  -83.82297485 -234.86653329 -328.86862703
   -366.36725629 -191.03092917 -168.20667224 -252.41635509 -236.9534727
   -231.35098359 -280.21382966]
  [ 424.63495785  422.13967096   47.02978423 -287.1138787   427.13019339
     61.33579053 -305.24825713  655.57872344  805.37751446  747.38417678
    850.20413972  780.09233063  544.40130691  246.61807964  769.71311133
    516.804728    222.37967506]]]