[[[ 338.803       224.83619946  274.38021887  231.8521227   452.76904433
    422.2807123   363.4299679   248.72174082  176.13096223  152.75049764
    152.1100596   313.65460491  515.0172605   558.69408818   69.16510601
     25.5275927    62.12202299]
  [   0.          -45.47419209  -55.09005343   42.19716971   45.47361493
     40.49809623   97.20117886  -74.31623366 -238.27398102 -351.11302455
   -390.24913072 -205.56137606 -173.16672277 -263.79314111 -222.10435149
   -219.18986276 -314.93593439]
  [ 392.15895785  377.16072479   28.43447902 -296.47743452  407.15705417
     62.95528616 -293.23204896  611.30445141  733.99992484  682.93793013
    779.63656943  760.43882492  611.570729    311.37212623  655.50151546
    394.52248705  141.617958  ]]]