[[[ 338.87        205.87213341  253.42810475  136.02886661  471.8669885
    470.13290456  399.33725645  295.76791412  307.89963351  318.77534699
    350.79697112  454.86627153  802.87105107  999.57753702  153.82145394
   -122.88063224 -329.71849912]
  [   0.          -61.81959962  -47.69798355   -6.19199931   61.81890214
    107.41094133  240.03142308  -63.26698296 -172.66489621 -286.23013617
   -292.00938866 -105.5716316   -94.52670707 -281.973081   -172.35036881
   -238.47694534 -410.33608572]
  [ 311.62975357  302.74502725  -88.87913156 -484.06273156  320.51443113
    -76.98201381 -454.19348051  548.45446969  744.19300779  733.62516507
    819.06151831  740.39332081  807.78372453  909.72948512  724.5205635
    755.60826092  868.19474083]]]