[[[ 238.784       116.83848889  105.1235295    83.23677467  360.72860374
    366.7279163   345.20083915  224.93280901  245.77294622  227.44354201
    243.80619154  372.64156438  559.05705201  515.07908464  105.93483829
   -194.95979718 -149.42409712]
  [   0.          -51.50058939    3.02273186   97.24945312   51.50008541
     62.52865663  167.94483808  -27.77728809 -120.39151958 -215.8832968
   -227.26212223  -79.75004884 -149.60481575 -296.06194264 -115.93911868
   -180.87541281 -282.07708059]
  [ 408.50125583  420.72118393    7.57855606 -415.63937732  396.28143186
    -26.17842449 -424.25723652  668.50701917  888.67347327  873.14205946
    970.19549235  859.67813737  761.25753993  847.52694052  868.71255156
    876.26958672  911.95574409]]]