[[[ 427.11        307.9209056   280.86576125  247.86515343  546.29830837
    569.51757043  608.33983974  414.80945891  427.76116032  390.23932706
    415.0812951   554.34383983  757.42330092  869.39819677  298.9058633
     65.71794404 -114.56248631]
  [   0.          -20.19855972  -33.54275169   59.87056519   20.19826245
    -13.02645362   66.24979267  -61.70265926 -183.06785025 -282.92769979
   -292.65092407 -152.7782296  -147.48421313 -290.85084566 -156.02714514
   -146.15286908 -279.9211613 ]
  [ 380.79924159  386.05332889   39.57208828 -336.99701782  375.54519166
      6.9790476  -363.37884701  608.22490489  804.45410699  780.16093262
    877.21686355  769.7025673   616.22787724  619.84084575  793.28512122
    702.37253255  773.48090761]]]