[[[ 338.761       237.42141733  287.39844532  276.92905045  440.10007015
    487.18167329  510.53664128  324.70226443  349.65907555  332.41994957
    344.9960885   458.08973524  540.50393638  497.03728942  237.60856899
    141.16370498  164.69781172]
  [   0.          -52.23582592  -80.74470921   32.66023353   52.23523131
     13.4970025    60.73685584  -75.81179289 -222.63523467 -316.81335633
   -352.93691591 -179.7072738  -169.46622809 -278.28335575 -225.92508922
   -213.13658945 -257.07542926]
  [ 420.9379951   420.6727164    52.09248675 -303.35332016  421.2032446
     56.34306895 -305.81200653  652.83926221  814.22100314  760.74515526
    862.61086355  789.90717777  554.96186076  319.87404668  773.00240662
    518.04661004  251.71217932]]]