[[[ 294.589       183.28479665  205.81863599  219.00680757  405.89252834
    409.78803392  402.72541739  271.55480348  295.92776353  258.24371776
    280.91774945  412.87090003  574.21837862  751.36802926  168.18199036
    -76.83609264 -232.40009141]
  [   0.          -51.32408391   -2.39848114   53.23176474   51.32352047
     76.47186996  178.11827741  -41.80700339 -147.18967493 -231.55570811
   -255.00911623  -96.84561189  -27.50134521 -139.71984446 -137.0777692
   -116.499462   -239.08586245]
  [ 425.46791106  429.70642833   20.0499596  -386.42205282  421.2294458
      6.7370003  -363.99333174  683.22368517  884.39131144  842.4132581
    943.49096387  861.15158732  686.41382716  618.8719047   866.93807481
    793.46572974  874.92219057]]]