[[[ 488.94        403.86407839  188.9945504   141.43243507  574.01543597
    594.36415672  650.56917574  532.28304419  572.27181586  521.49249656
    562.9635194   649.86875459  617.74159022  538.28991637  477.56649597
    338.92025293  251.34618739]
  [   0.           19.73750194  -57.42345458   -8.48651784  -19.7373526
    -62.06393701   22.4631184   -38.85099032 -134.20636934 -205.88233303
   -207.15949921 -152.55398831 -249.2890195  -303.65827129  -88.41225253
    -43.75573282 -135.07788428]
  [ 286.1242493   311.48425361   39.42155788 -342.29726752  260.76442797
    -31.19223776 -364.11415661  512.10774295  731.68337683  729.24775638
    827.22186355  675.02959735  516.19458248  658.25198895  719.26577812
    572.18633975  611.06269188]]]