[[[ 462.38        322.48015616  313.50780787  360.64273518  602.27933551
    555.81898389  506.67007242  455.28355742  491.41280098  457.95703403
    492.19642363  642.47023599  892.8747973  1088.71309864  340.20899995
    227.80020935  -81.99236655]
  [   0.          -42.58809026  -40.61215343   16.81532285   42.58762911
     24.81069943  116.1220788   -80.65254377 -213.85549466 -322.40815684
   -333.11758971 -164.2051465   -98.87168456 -256.21019613 -199.19350082
   -194.84235988 -375.8040481 ]
  [ 270.93127259  269.1669008  -132.78043831 -516.45144567  272.69564171
   -122.76401456 -510.84608921  508.76052801  667.86193788  615.53008788
    711.3297038   673.97562341  620.73550085  668.50216326  646.44619133
    476.34923218  898.37871826]]]