[[[ 430.05        315.9485814   265.44725877  202.8342345   544.15049003
    585.33358768  617.54531979  428.43754505  442.73840342  421.89058145
    441.9732451   570.75233447  831.54149459  749.64700152  314.91588805
     86.03903236  101.78158294]
  [   0.          -34.02958686  -24.18007385   70.0487312    34.02911468
     56.35647393  163.81426107  -72.6139322  -196.38940327 -293.25799058
   -316.94534566 -166.52106881 -240.94597685 -348.24836321 -180.49340844
   -273.41863631 -361.86996126]
  [ 425.83304115  431.40223093   46.64581201 -336.18365169  420.26389212
     30.0969564  -350.35640126  661.60987973  848.28629074  823.36858728
    913.70944241  839.54064899  838.70995808  748.55107076  822.05267536
    772.02422699  865.20367675]]]