[[[ 388.88        258.41200002  281.87443254  272.60986569  519.34705715
    502.72608436  474.33633072  350.15827578  346.33309451  322.5279698
    344.48925491  489.89217403  752.47812662  969.77268226  204.81837433
    -62.28712915 -300.91520353]
  [   0.          -43.04507128   -1.69412097   66.79039065   43.04453839
     80.33471912  189.25323168  -76.21165621 -211.58150492 -316.58306198
   -341.20912838 -163.36673761 -122.6856185  -243.53488068 -189.81750449
   -176.88715574 -280.90464261]
  [ 478.30729782  475.10334493   71.43175799 -310.25052222  481.51125221
     81.15377619 -298.119767    712.05615943  883.03660687  828.78642574
    926.00382004  878.74323251  820.59976272  784.36877921  863.7110314
    819.67782495  796.03589041]]]