[[[ 368.247       251.2226311   315.42812092  387.00224857  485.2708988
    494.14696716  512.70810888  395.07653258  468.79274704  429.73045551
    462.82216351  591.86567034  744.71805255  744.20490072  326.67736276
     57.85189815  -39.72893972]
  [   0.          -40.40055988  -56.27300813    4.30560115   40.4000509
      3.65718959   91.52760608  -56.80296241 -154.9732604  -242.66052635
   -243.62656439 -121.67943537 -201.06634828 -355.02123974 -146.71053741
   -173.94667606 -303.62795288]
  [ 319.68023299  329.72929859  -54.07456175 -401.76271308  309.63126237
    -73.80079364 -402.58382634  564.7686154   767.33750286  722.46479976
    828.57841406  722.10408288  574.1916501   787.87811261  784.16689758
    712.12445882  844.92086355]]]