[[[ 347.65        179.98034647  234.06729065  195.69326445  515.31847186
    570.04645506  513.23087189  348.51472964  346.46585665  296.2938688
    291.74638769  535.58399755  904.07844386 1229.34795374  164.14091278
   -188.98634309 -437.68456936]
  [   0.          -35.7074083   -59.78563027  133.57471129   35.70706464
     -4.13830066  209.33189183 -104.60321817 -269.28430192 -405.70827359
   -416.14637214 -218.91211422 -154.10923786 -299.74721618 -225.09103377
   -204.15641749 -406.75080699]
  [ 416.3412942   404.82451316   32.57375499 -219.72519364  427.85802417
     63.39409921 -225.40960318  640.22064512  797.56721866  764.10447036
    859.74286355  819.84159251  834.93365432  817.47649087  767.68679582
    719.36366242  786.1408144 ]]]