[[[ 412.44        309.46788129  324.59478506  309.25916555  515.41134609
    606.1940012   647.133949    370.85083147  387.31168538  394.82210438
    442.03450549  496.22699311  635.83939305  662.93684194  267.20093721
     76.00061391  -10.73727367]
  [   0.          -32.67886163  -89.28949066  -32.34793759   32.67840588
    -18.75887288   19.44666603  -77.70053459 -222.98412346 -322.49591326
   -353.95438464 -185.32680805 -142.23342306 -206.91678748 -208.61986922
   -236.09106174 -346.8515716 ]
  [ 403.87695785  397.25724205   58.50719192 -300.83621327  410.49660785
     77.10205441 -308.03074865  627.05818371  786.54495899  734.95561823
    829.915285    764.9994709   580.31943998  342.69588544  757.47725105
    587.02664152  649.05952344]]]