[[[ 274.101       158.79249334  227.13295066  166.75090121  389.40879558
    381.35537513  326.15873029  257.29557269  277.92397273  268.6470923
    288.95817351  405.72988359  648.60218743  726.46584822  144.9514292
    -94.62275796 -275.91110217]
  [   0.          -46.08396227  -48.30141503   13.61100343   46.08343774
     32.35685612  102.43462581  -83.150586   -225.58066771 -318.40798724
   -332.97534625 -175.94178974 -221.53596052 -367.31597683 -213.4387091
   -200.45427486 -277.30071464]
  [ 434.00643403  434.49450635   58.22713795 -330.37841554  433.51838331
     43.51282003 -363.69071798  662.77359841  840.2268928   807.61835411
    905.77715201  824.45959221  778.4049567   885.79562845  818.87126933
    715.10800836  668.12550318]]]