[[[ 315.266       208.67884051  126.21903369    6.66056357  421.85249162
    517.73358893  589.9364762   275.4622624   274.74888657  275.88492523
    290.79276143  383.56822054  588.45390892  564.9964544   166.65113122
     82.80058036   51.35268911]
  [   0.          -61.64065814  -36.9090991    22.88268861   61.64007399
     67.27362215  167.29394122  -45.84706333 -124.68949449 -207.63090569
   -205.64252794  -76.47582213 -162.57175243 -321.67639439 -144.31894679
   -318.88073263 -397.85959077]
  [  74.22660943   72.03610581 -302.59150043 -695.28500752   76.41712542
   -303.14514871 -688.74290844  320.7541997   537.45833049  550.5330196
    630.54237808  541.75622437  709.72337288  710.79416784  495.81779517
    641.62440315  859.85461695]]]