[[[ 368.244       269.0928419   310.61868475  244.04950029  467.39453929
    536.70769321  496.7481258   321.88506265  326.91326713  341.94833199
    357.04694662  436.33718598  572.33586173  668.87630812  215.07748344
    116.15931268  162.27531772]
  [   0.          -61.99424356  -87.95463575    5.28924027   61.99362282
     48.70542098  124.2096423   -72.05860354 -213.36024111 -314.41239094
   -347.33355041 -151.49263965 -104.97230735 -238.31472333 -228.12852112
   -250.3194248  -330.10729043]
  [ 422.54928595  410.6558821    33.04015325 -312.69066719  434.44259798
     68.9555288  -302.47460088  649.33598952  816.89346732  760.34079902
    862.61386355  810.36661569  616.40126685  554.45234659  766.80639339
    506.40260965  509.91017454]]]