[[[ 418.42        304.85127243  338.39854566  326.49317947  531.98793404
    524.67426111  510.02730026  372.18906884  340.0576581   318.27254498
    324.24132171  471.26673126  669.52765073  786.38225659  226.06212599
    136.32393729  109.50035623]
  [   0.          -35.49280378  -58.64393318   38.11222169   35.49231883
     22.7125889    89.83158675  -86.45651808 -251.68151834 -361.23278629
   -393.80678424 -212.48710433 -185.81314236 -274.25475839 -237.80342171
   -232.80190235 -330.28861096]
  [ 424.40895785  416.4585045    65.98698411 -268.22343579  432.35932882
     90.1642964  -275.13032555  642.79963981  784.80280399  734.95428405
    831.64952678  787.76653162  655.99269746  423.86097109  731.78361357
    498.22023014  299.74322456]]]