[[[ 441.74        366.09501811  430.24747298  422.3485675   517.38444452
    599.75612269  606.8918867   510.79291479  643.04144505  621.98470763
    697.08721454  707.22126885  725.51230952  658.5773369   537.15260674
    299.66287832   95.44148028]
  [   0.          -32.43227397  -52.30970102   13.10006767   32.43189739
     31.53517391   72.77834866  -97.64298992 -230.77976119 -293.63914511
   -330.80750981 -193.29099803 -147.75562952 -212.72586891 -213.35917337
   -173.03185766 -234.95993825]
  [ 329.06929499  337.31802568  -35.86716993 -404.90708435  320.8206218
    -47.18647824 -404.79085862  532.47321816  666.50418633  637.15701845
    727.47595585  599.69969027  365.94461678  167.91038253  692.09671874
    737.68769657  809.63386355]]]