[[[ 368.125       247.35703727  172.22980596  106.67379384  488.8919433
    583.58527779  661.27724853  372.99926662  418.67552121  393.26979631
    419.56174039  537.74042581  714.04411756  885.51905894  293.37279276
    135.21117924  -22.53413042]
  [   0.          -34.1124191   -71.16905994   21.70028831   34.11198963
     15.27930929  105.23339101  -86.85046848 -235.76495884 -332.04638689
   -365.18248842 -192.24395371 -150.87236613 -255.1553978  -218.66689313
   -189.0598192  -236.59486526]
  [ 391.32533666  401.01823041   45.54658345 -340.97279956  381.63251911
     23.74806744 -336.56028518  626.19564091  798.24443232  755.01207959
    853.69686355  751.51163452  556.32698132  410.63136301  791.95804896
    687.41400887  547.00399813]]]