[[[ 5.09610000e+02  4.29652383e+02  3.88450166e+02  3.99330372e+02
    5.89566943e+02  6.32580683e+02  7.75402221e+02  5.06783780e+02
    5.01272677e+02  4.57376534e+02  4.72035211e+02  5.97357805e+02
    7.36356254e+02  7.44343947e+02  4.15139673e+02  3.00776134e+02
    1.47946469e+02]
  [ 0.00000000e+00 -1.44553409e-01 -1.36350449e+01  4.54009137e+01
    1.44532308e-01 -1.07821445e+01  1.55339114e+01 -8.92690466e+01
   -2.25571441e+02 -2.98188818e+02 -3.23737985e+02 -2.22050320e+02
   -2.45120561e+02 -3.14348139e+02 -1.84830254e+02 -1.37324514e+02
   -1.75306429e+02]
  [ 3.65714958e+02  3.68248098e+02  4.28828996e+01 -2.62836674e+02
    3.63181848e+02  4.03118922e+01 -2.79517400e+02  5.74821070e+02
    7.29521702e+02  6.89057804e+02  7.89673244e+02  7.10618720e+02
    5.44187116e+02  3.67091459e+02  6.91683549e+02  5.08853249e+02
    3.77481427e+02]]]