[[[ 432.95        322.7143531   397.86359212  364.66492617  543.184813
    598.93284554  556.99599535  361.96394772  321.87671965  346.34999053
    362.07356606  463.31101976  827.22707291 1068.83496977  198.47285896
     10.51219659 -137.21023991]
  [   0.          -49.12163526  -64.27873989  -12.30637717   49.12104567
     55.61004098  150.26407173 -110.08912387 -279.84879848 -388.19051417
   -412.31044177 -220.90278747 -204.02757122 -392.22066628 -267.5152314
   -292.97748948 -430.58867566]
  [ 330.14864682  306.29889247  -47.19918483 -380.21656462  353.99824694
      6.79058201 -357.41255901  533.30709939  668.03134994  627.61722128
    714.05559097  703.85578278  767.03352344  833.03986355  615.08052363
    459.70812239  476.09451453]]]