[[[ 368.216       264.44912787  247.64571593  193.65505807  471.98210817
    489.12930185  500.73663112  364.7286511   387.75969735  370.38544816
    395.07699741  502.88811769  687.91323456  566.67126605  264.33829378
     16.13180744    9.98571299]
  [   0.          -35.49745548  -32.99587363   23.30336288   35.49703529
     50.14302572  146.10126013  -56.66145378 -162.40691524 -254.16956192
   -261.26742654 -135.46563876 -254.54424093 -380.30971792 -147.99412938
   -223.05982984 -320.54482319]
  [ 351.24573492  354.98809666  -31.4529938  -418.01233448  347.50340081
    -35.47102227 -413.64483906  587.69456653  791.36956981  784.48772363
    877.2870694   772.5608058   749.09154187  801.80338083  764.20793009
    753.11034972  844.3320322 ]]]