[[[ 291.734       269.20043729  132.33027937  182.43528283  314.26759591
    170.07178901  282.85665288  281.66741078  266.38954636  225.17985123
    241.15553524  304.17936199  385.10191968  256.10787221  239.63592723
    196.88658679   32.01397098]
  [   0.           12.09281806   80.04442254   29.05148602  -12.09286404
     87.77318892  115.37960186  -46.93428078  -78.53115014  -84.31292932
   -110.30943464 -112.13577821 -274.35219958 -347.97358429  -40.03790347
     22.21981209  106.73390576]
  [ 309.41631597  316.99884336 -108.74234812 -507.16401662  301.83387123
    -78.19531292 -450.70020619  556.98905962  760.83363393  756.21702949
    852.20956867  783.29791454  918.7563326   913.64941392  680.00238465
    454.26189167  247.67386857]]]