[[[ 462.5         322.09197594  183.93881241   13.94550995  602.90711685
    625.25511404  571.01098005  481.09329923  520.42733935  473.04224481
    505.29982821  656.92231136  822.38496178  786.66554516  373.16294785
    127.26602635  -47.11954576]
  [   0.          -29.01835309  -74.51265655   14.48415081   29.01804375
      9.29358926  179.87215161  -54.80042376 -151.18446544 -253.49813011
   -249.50351494 -138.66742377 -299.12379003 -424.38769202 -117.58279917
   -158.43039156 -314.5732325 ]
  [ -34.01480362  -15.54335239 -355.40585183 -742.94963347  -52.48608133
   -410.42901581 -747.07865145  209.05768511  418.62510624  411.67937725
    495.66179449  416.08944853  706.51838141  847.91186355  412.62703609
    587.661248    811.00848911]]]