[[[ 350.688       189.38764589  136.42943617   18.44130274  511.98705042
    554.28671477  520.00553895  354.84936293  331.72176581  272.16038008
    271.45019868  510.16413974  806.80247957  891.70770352  165.60167297
    -95.98500891 -286.28445875]
  [   0.          -25.70517588  -72.63270332   66.72500751   25.7050174
      9.07450899  199.79006471  -62.99656154 -219.66396713 -350.571981
   -370.54567974 -196.58848904 -182.17987174 -350.16336879 -169.59647798
   -150.33958921 -336.91493303]
  [ 399.93326666  399.68320056   18.69946749 -276.62688544  400.1833917
     48.24905259 -261.10430328  637.39542978  807.60698775  762.45451383
    856.70286355  806.56685321  664.72748739  613.25656494  775.5343793
    655.60282424  719.83563195]]]