[[[ 209.296        95.40205873   78.87307869  158.65170084  323.18925147
    320.97490403  366.90599865  221.40806991  240.39939453  230.73907215
    261.06056362  365.68695425  566.52086455  549.93601869  109.85000683
   -128.09155275 -298.21810574]
  [   0.          -17.03567629    2.85032109   64.44621871   17.03545451
    -11.90031266   75.22910326  -55.61518593 -173.72115057 -263.23641347
   -274.58361562 -153.70669345 -217.65056651 -353.31994475 -140.35486983
   -110.37754574 -203.90318534]
  [ 373.98738873  386.54485524    4.81108146 -389.80987008  361.43003686
    -29.07996879 -408.37630146  615.29859913  813.31971791  792.03556674
    887.40969019  785.81487028  663.47382707  748.16585518  790.10672029
    705.0608786   723.53322236]]]