[[[ 515.51        395.55750674  369.33414939  282.57098899  635.46162367
    697.57688714  729.21318198  562.64837888  613.71168592  550.44332847
    560.65667035  750.34548054 1044.85229774 1208.82392279  479.03499624
    205.42830877   25.03040554]
  [   0.          -13.92811333  -92.87678721   33.86163936   13.9279678
    -34.83344502   70.44970331 -133.29453761 -303.41661468 -398.40333187
   -422.058575   -277.15538888 -294.64952529 -442.261477   -253.19467303
   -212.67032006 -328.73859428]
  [ 368.63095785  371.71339599   54.18505616 -259.72121065  365.54856843
     36.34752325 -283.67398499  569.32680063  710.34463091  664.39099698
    762.7793395   692.53240596  623.0172047   582.80114279  710.24870267
    671.12813519  675.43494075]]]