[[[ 324.092        64.41468193  466.63681273  410.20353129  583.76960406
    745.24559138  618.77303673  283.55344195  434.3111153   436.78249101
    523.76612607  689.2817202  1042.94078504 1449.78669784  126.07205837
   -359.36859238 -698.13584105]
  [   0.         -144.98479029 -755.73814929 -503.69877125  144.98312009
   -496.9249116  -324.90338698  -49.7994792  -154.06641942 -357.34257228
   -322.95105189  -51.17956516   83.80515723 -150.65792306 -209.13444029
   -307.36980028 -611.3923762 ]
  [-122.16129524 -143.32574941  666.12979709  388.42507446 -100.9969887
    715.31286355  422.12935824  200.65559612  396.05301203  232.33358128
    356.02296236  369.67822835  180.79150099   40.32017281  476.85977289
    401.0686746   645.59826524]]]