[[[ -32.052      -146.14951166 -258.30291073 -291.54156658   82.04488669
     56.33856573  102.64220618   46.64973987  135.61986047   87.74437471
    108.97850838  242.43995801  371.26650102  419.93910522    2.06945217
   -250.23303665 -447.06470876]
  [   0.           -1.84773461   -5.98285294   95.64146486    1.84776792
    -25.38298303   80.20799917  -44.66346446 -129.79326943 -192.66924091
   -200.09029739 -111.72492351 -115.93799879 -267.5723286   -88.77355727
     25.37688162  -65.12108877]
  [ 320.75350418  347.7165277   -52.62500003 -427.13812881  293.79074174
    -99.83567074 -454.93530055  546.54300228  748.10250881  730.82197841
    833.68080472  696.86359304  513.64106236  642.09085735  742.18657255
    607.77720942  608.85024638]]]