[[[ 394.64        290.08417547  310.75737995  339.23787032  499.19510226
    606.22222939  590.46645261  370.29682641  397.95547721  398.03562598
    427.206906    513.41977254  712.63448209  693.13690053  275.15398814
     98.05574845   87.77879021]
  [   0.          -53.92777955  -79.14344089  -30.36416232   53.92719676
     40.53332453  145.22373789  -43.41948307 -114.46560008 -210.72380425
   -206.868719    -72.92798648 -153.21123292 -328.71899887 -131.67496399
   -299.43295374 -390.95864112]
  [ 157.3122644   151.42217064 -213.28335102 -581.11102163  163.20231637
   -167.57132608 -526.61183134  395.90378796  614.67436781  603.64960376
    696.60934354  578.12048489  456.64895087  602.96552922  602.62801223
    663.7704686   859.46886355]]]