[[[ 380.05        286.85035544  362.37283578  316.56284346  473.24906634
    470.18888874  384.36613114  323.98236675  328.74887149  349.75904667
    390.11332879  440.67907581  676.42133106  821.42823919  209.04967339
    -31.60432068 -254.30652618]
  [   0.          -61.57799623  -49.01183005  -58.13596849   61.57721377
    124.46957347  212.73521112  -76.87163863 -205.13428209 -293.83071358
   -316.33082495 -143.42638572 -135.40839619 -260.51334412 -205.90366616
   -246.47446881 -344.85388184]
  [ 485.75931005  474.55976259   82.11813881 -338.36249294  496.95878147
    108.84224826 -289.56160777  715.43025973  884.24827509  842.81469769
    933.98027663  889.74852093  937.6940072   937.94580299  852.04203429
    840.31830918  888.96670255]]]