[[[ 394.77        312.10741636  401.83623655  415.59524761  477.43205238
    535.48369291  598.66828437  350.16264951  353.22879971  345.62631756
    355.80885988  456.21204071  611.72853287  724.6641418   255.84993721
    176.43114265  215.69378934]
  [   0.          -63.31957664  -42.33441919   22.00970354   63.31885754
     68.68541594  100.00306235  -52.78217119 -169.63980679 -257.94940815
   -285.20764998 -115.42683227  -90.60276925 -204.88697916 -189.05561532
   -223.48776972 -279.13658496]
  [ 381.76649129  372.84243371    5.46646792 -343.38370523  390.69046387
     21.21504796 -326.99332685  617.25643135  797.57516192  753.23808306
    853.69886355  780.91496808  581.97132536  385.14806885  754.53038563
    552.33657767  448.58480202]]]