[[[  44.586       -57.73625229   16.16305089  116.79330331  146.90785295
     17.89409945  138.75295126   17.94020263    8.24753176  -52.79779606
    -46.60040078  129.05642655  311.14563742  473.8499548  -106.17360063
   -298.74257454 -488.86025506]
  [   0.          -23.11695567   13.43970662   24.24949266   23.1167452
     16.72872771  139.21998371  -77.69758842 -215.07044667 -285.13126721
   -310.18618598 -187.91394727 -132.38008787 -197.99914293 -175.66239368
   -106.42244087 -165.9708859 ]
  [ 395.71310595  400.28218985    9.12382217 -380.05090571  391.14406534
     24.27257733 -298.89435901  620.03650082  768.73937694  721.26408639
    823.12637584  765.73877976  599.35942581  406.12968685  718.73525256
    525.84151239  487.75770332]]]