[[[ 509.61        396.26861447  418.46643696  417.40197188  622.95073848
    675.9170953   712.29811263  490.51347925  501.61713011  475.34052407
    485.22552279  633.29755457  873.02678143 1017.61185918  373.99152112
    225.23724167  174.72033448]
  [   0.          -47.48789052  -84.54454159  -17.09398359   47.48739675
      5.36425993   62.64965871  -64.10105272 -182.37796141 -284.31244937
   -290.32101902 -136.45591065 -159.77552086 -335.97354467 -184.34621348
   -250.42457145 -362.86539878]
  [ 348.53137564  342.83722427    9.72461984 -319.35581516  354.2254796
     20.53683397 -308.74860057  581.03270614  768.4195915   738.71923373
    835.97786355  761.14247653  659.81871924  712.44393029  736.55408551
    563.66094628  701.50980838]]]