[[[ 377.11        252.81580693  288.67854291  252.33498805  501.4032327
    493.81451036  437.00098061  314.13354193  270.43621413  237.48579513
    250.56500849  413.04369437  645.62983738  882.47637745  137.64816911
   -117.78639622 -342.37993025]
  [   0.          -43.73127707  -22.19013766   46.40166956   43.73074021
     83.47216521  187.08588889  -64.51245365 -207.22593099 -315.49357515
   -350.27423446 -161.22216797  -67.86381136 -140.26152619 -179.18916843
   -133.67080585 -223.34517214]
  [ 466.25518683  458.38553512   72.0427553  -303.61290571  474.12480198
     92.83600796 -286.58647307  697.67709125  856.0736389   795.82553464
    895.06283604  865.06644423  761.94117457  578.25144493  812.17732849
    675.55322034  546.6767395 ]]]