[[[ 230.014       108.78959769  167.06308088  255.72444351  351.23773664
    376.75081972  443.3095924   241.7108309   272.00555154  266.32579141
    274.96871138  407.85705132  608.65681223  672.94931208  132.49067622
    -31.91639486 -108.9038445 ]
  [   0.          -45.78369649  -43.0292646    22.51146116   45.7833119
     10.4402446    82.52355663  -71.2615163  -197.96555391 -291.78310959
   -308.0523187  -155.75534086 -213.34630932 -368.02910645 -193.35866155
   -155.70978444 -212.3488733 ]
  [ 307.19610002  309.62604005  -86.28257456 -442.23887738  304.76623318
    -88.26629472 -438.95868355  548.10380988  724.09799094  676.77348411
    774.55908307  724.39099602  647.40798073  839.9889774   684.21415301
    471.20074114  367.3248752 ]]]