[[[ 335.905       235.35644859  273.79856955  339.4703287   436.45280582
    543.14400904  476.90182274  356.75898363  449.42211691  434.71855816
    478.31568566  541.85019265  615.58760958  580.87834746  321.88512101
     60.52008682   98.2626106 ]
  [   0.          -44.87721949 -103.08482919  -32.09878521   44.87661554
     20.40765171  106.10392119  -62.32735357 -166.88842469 -256.76697332
   -281.74428344 -119.92387097  -77.96354836 -185.06151906 -170.44961929
   -245.01559651 -335.20954656]
  [ 352.56142069  357.26086431  -18.64418423 -392.85174188  347.86199974
      3.4139565  -361.70492672  598.07287917  791.07392677  760.17372461
    859.49386355  718.77282308  460.83028995  233.60724807  807.51426927
    810.36098885  840.55382242]]]