[[[ 159.209        46.13534589  122.42315713  181.66248333  272.28190299
    356.3460235   425.78178515   86.11897501   55.29296178   62.85547812
     69.20014599  188.59202792  423.54695556  534.0972426   -68.48041879
   -225.42031167 -224.4877973 ]
  [   0.          -60.58075276  -44.99779413   -8.45617983   60.58018769
     34.84676508  116.05222114  -65.67980975 -201.21342746 -308.5227006
   -334.72846105 -150.40606297 -156.06728486 -313.04139059 -202.34340626
   -254.05446952 -395.43826204]
  [ 411.80684305  398.46031622    5.88395829 -359.30912786  425.15330885
     47.72474783 -330.49447951  642.75631947  816.52526242  778.39466728
    870.30397092  834.86064681  788.97539856  789.98592618  760.54253923
    566.65724711  655.95179501]]]