[[[ 250.444       152.13670273  131.42169235  241.79768435  348.75065028
    317.50787416  504.24476499  202.84716217  164.89830959  138.90876134
    151.26618871  287.05992237  495.25399753  633.76650169   59.80343992
   -102.80375667 -212.3349593 ]
  [   0.           -8.14904765   16.602224     49.03223761    8.14887288
     36.95147591  146.61238056  -92.32134483 -241.90929521 -330.74060042
   -362.01616601 -225.840221   -195.84734947 -293.06893847 -196.81961216
   -165.29687569 -292.20863873]
  [ 430.52900358  421.67926492   28.03827044 -338.79290571  439.37867765
     57.10740751 -262.377564    639.71791     786.8640722   746.75788764
    838.14346921  810.30967907  708.80542968  620.27604377  723.83004143
    532.44029406  570.76339306]]]