[[[ 430.05        318.04918547  295.29738898  281.59836764  542.05009595
    622.79248127  706.12898117  450.69798264  490.5082797   451.59622065
    464.28629076  615.17906825  843.4634031   846.65595937  361.12693035
    120.85726091    4.2405627 ]
  [   0.          -37.82260192  -31.14775659   43.35907415   37.82233674
     31.63601816  153.23862358  -66.08967274 -159.35435744 -244.41644967
   -242.97188406 -128.33251838 -237.26231531 -393.94016762 -143.98039353
   -199.58616469 -323.90716286]
  [  96.8488088   102.91051042 -277.92283261 -657.76248654   90.78718963
   -282.2422728  -631.81091137  335.86317856  544.46533748  536.3292539
    625.3717619   530.09720648  592.32647653  787.96412114  532.98270253
    641.31969375  856.78029534]]]