[[[ 465.49        356.01107979  249.50778274  159.86368578  574.96823582
    592.03526736  647.81944961  448.44495901  448.86230279  400.84179758
    421.56775326  562.49125534  663.8166053   751.31860844  332.31615185
    169.11668433   95.97872918]
  [   0.          -18.32160165 -120.27797794  -85.69191146   18.32137892
    -40.63735107   11.84229545  -77.8419341  -209.60251291 -301.42275285
   -325.12188562 -190.57364774 -179.02515203 -288.67550067 -182.48260836
   -182.62617712 -296.81681164]
  [ 359.78795785  363.13571188   55.77556147 -273.93448718  356.44024131
     58.20181225 -268.41619272  578.82587612  746.12850005  675.93315818
    777.17551127  728.72374725  519.12429783  523.27994828  723.04301395
    516.90365137  582.91877577]]]