[[[ 4.97710000e+02  4.14670983e+02  4.39375895e+02  4.33116465e+02
    5.80748444e+02  5.83325057e+02  5.34022171e+02  4.89058811e+02
    5.18825686e+02  5.14074956e+02  5.43146117e+02  6.22084348e+02
    8.72355381e+02  7.52377695e+02  4.18026863e+02  2.85429958e+02
    3.02527400e+02]
  [ 0.00000000e+00 -4.96932675e+01 -5.12513655e+01  5.49959236e-01
    4.96925364e+01  7.84085101e+01  1.26333925e+02 -7.55709814e+01
   -1.88434253e+02 -2.65017048e+02 -2.89424205e+02 -1.51732562e+02
   -2.71204570e+02 -3.88864819e+02 -1.95343591e+02 -2.78050767e+02
   -3.08799147e+02]
  [ 4.12017623e+02  4.14772267e+02  3.50897455e+01 -3.49979812e+02
    4.09262972e+02  3.35849278e+01 -3.58527462e+02  6.49756953e+02
    8.30379058e+02  7.95737468e+02  8.93264085e+02  8.07626831e+02
    7.65817860e+02  7.75589244e+02  8.10174279e+02  6.93107693e+02
    7.31224683e+02]]]