[[[ 506.48        419.6305689   452.14009903  344.17902533  593.32886274
    607.31932031  595.50915075  451.49711014  450.73703851  484.97609873
    515.54036842  555.44196702  772.67259335  941.73775641  342.69051276
    146.80296287   41.86547817]
  [   0.          -58.52622561  -48.2329137    26.87796538   58.52555579
     80.06069601  110.8475609   -65.08203241 -175.10730228 -255.19874196
   -276.64577347 -113.93250501 -126.08089786 -280.21876501 -194.79470267
   -202.76673839 -225.60950346]
  [ 401.56331964  390.55878314   40.29197458 -298.10791402  412.56778651
     45.60172406 -334.57300589  622.06649624  803.93674876  757.18664492
    859.45986355  794.49702842  694.12430673  754.90109493  768.30805893
    562.41668809  376.76999228]]]