[[[ 418.38        311.24989375  340.49638401  318.62698752  525.50938248
    516.36710367  503.78836764  422.0923438   470.68301171  442.58720355
    496.82148944  579.15912215  690.72370174  666.97496174  343.21599008
    121.7319594   -84.38777573]
  [   0.          -25.83557899  -28.83908512   28.42198708   25.83519517
     32.77174444  103.27196962  -50.74398336 -173.42002485 -261.90987047
   -288.3765093  -146.41523152  -98.83564884 -158.26502428 -145.39883456
   -115.46221428 -207.19098888]
  [ 382.30711615  389.38391757   16.84438561 -377.50797771  375.23034317
      4.11459159 -379.2714565   627.65311456  810.24970213  782.95910479
    875.39357266  761.24260075  529.938075    267.02946714  807.78607485
    781.44230003  834.20182407]]]