[[[ 356.526       260.19974896  297.94579308  304.43501595  452.85164836
    669.67140384  708.21635775  367.96040112  420.01288597  405.30231942
    423.23919837  528.93758188  793.71588325  747.06857003  310.18093219
    164.61836857  111.22475329]
  [   0.          -50.58048554 -113.1382329   -37.77121088   50.57997823
     12.38418373  129.93641475  -87.23243245 -181.95209964 -265.10094787
   -264.97744178 -139.11583983 -250.25871001 -433.35215086 -193.51660383
   -340.30996568 -435.13346245]
  [ -54.95271746  -60.49922514 -380.63678785 -706.66905121  -49.40618033
   -359.38452485 -657.85719733  174.1227583   376.74679706  379.44696407
    465.95305564  334.30328598  340.86088341  469.0057275   379.8611161
    599.3081442   786.10086355]]]