[[[ 385.89        291.79844312  303.03827736  285.60213521  479.98109235
    503.59924354  500.64722122  349.78568329  351.35523682  351.61616716
    368.43541062  455.39550311  568.38808351  495.94900893  246.31899288
    156.90314458  220.67936353]
  [   0.          -51.06608079  -47.76928517   28.03677109   51.06556204
     39.28650961   78.0054035   -54.63308522 -181.04976048 -274.4558293
   -300.99683972 -137.30493552 -167.76333106 -276.47850144 -189.12602414
   -205.73302952 -264.23145978]
  [ 351.34404386  350.02934609   -1.15715176 -338.58225046  352.65871272
      3.36649288 -351.38434186  581.78337476  764.77301677  741.15543071
    839.01486355  747.414261    591.62659441  429.59885365  715.90882564
    475.73653396  381.75813534]]]