[[[ 300.666       159.89449793  115.78280938  128.16188158  441.43630241
    629.79827274  658.34253604  253.09606785  230.08916042  206.39994485
    208.983013    379.0716521   616.26610435  761.30117727   85.88935341
   -172.73577585 -281.69178329]
  [   0.          -53.95576318  -94.77944146   -5.02990304   53.95529684
    -41.61917471   82.29181127  -67.41759903 -185.4583951  -304.81345599
   -306.08508451 -142.81802303 -219.46769017 -398.23244317 -172.53913034
   -270.97230088 -454.67540371]
  [  86.96678275   79.12629387 -267.2400299  -639.8633493    94.80726325
   -243.25633515 -629.49639596  320.71620504  511.55271001  492.94184083
    577.2534286   538.15012769  721.04043088  856.61386355  466.07240829
    547.00387964  700.40008519]]]