[[[ 427.1         305.77602335  249.78800829  162.45582216  548.42292764
    620.07957282  701.60632874  415.47309325  413.88395335  383.66980322
    394.11963916  543.41741727  717.89397936  877.00907699  285.69833604
     91.05726938  -63.63626605]
  [   0.          -30.92670799  -48.71662965   61.77564757   30.92642218
     22.14583915  109.43196101  -88.43041654 -240.49098107 -343.54620715
   -374.09632002 -199.72111423 -148.13751042 -249.74580023 -218.01765128
   -175.35423809 -262.76591229]
  [ 428.41726806  428.5242779    56.59032612 -286.35338821  428.31027441
     58.39701324 -297.4191536   650.20876847  815.7017821   768.56650621
    865.62986355  804.70398077  644.76444544  548.81834431  782.82607481
    599.30996929  498.80074836]]]