[[[  73.922       -51.328603    -27.06044893  -21.25107166  199.17175596
    258.49093751  312.44730826   61.37219391   84.30122903   74.51684471
     88.91118651  214.53861263  396.02348065  436.69659993  -57.62426403
   -284.75287991 -327.28925885]
  [   0.          -55.69555547  -20.63306414   57.9189429    55.69502725
     14.6264964   106.7653117   -26.61198154 -127.63764169 -220.66370557
   -239.79824476  -77.15894994  -78.0876476  -235.18835336 -128.72478087
   -148.70897821 -263.764529  ]
  [ 413.69003668  421.33599005    1.2839468  -418.21975374  406.04418281
    -17.53562436 -419.30407711  678.28685654  894.40323824  871.79278861
    970.59111379  872.34245729  733.70559957  791.43057914  860.03214316
    724.36886459  792.68900707]]]