[[[ 435.99        325.60908993  368.57357416  333.79879951  546.37004234
    723.89452463  633.74321632  411.57781829  428.18170101  422.11793306
    429.56023218  556.71174777  879.66198727 1034.27752672  302.67448148
    131.53210784   -6.96215554]
  [   0.          -72.54696613  -95.29254179    3.58808362   72.54630603
     36.10303734  142.21099727  -72.7225883  -163.67615046 -262.5536171
   -260.80475821  -96.15062999 -138.15399569 -372.61639336 -182.32737444
   -333.11729933 -472.44025171]
  [   3.83775734  -10.01689194 -365.76500426 -711.75823671   17.69232014
   -321.55821159 -681.69581843  237.56836514  441.27801317  442.11341303
    526.38276227  433.91103406  522.12922209  679.0665629   419.71527332
    619.28286366  839.13986355]]]