[[[ 226.821       125.7377249   136.63048567  109.00881966  327.90365846
    295.35735391  256.71396771  226.97541174  285.89054863  306.03446698
    331.74117198  391.42382623  584.92609116  582.86974275  158.4549433
    -28.17420714    2.56897584]
  [   0.          -81.79245708   -2.3729176    36.65813685   81.7917047
    169.45989141  274.94117898  -29.41338625 -115.45292014 -190.72634204
   -213.76679182  -43.60810412  -66.5596525  -221.57986257 -147.96329315
   -216.35820636 -257.42310224]
  [ 507.68011874  514.31073954   57.77211665 -419.22396932  501.04956665
     44.56417016 -363.7799748   777.90994908  997.5116662   990.34509407
   1087.97508806  965.99851405  855.22359068  877.21367849  971.21663588
    912.86531083  945.42206819]]]