[[[ 338.871       228.2794976   286.01996829  273.37481198  449.46174567
    477.38356934  481.33158718  306.56232546  301.67838874  279.65098796
    285.65486114  423.20054995  564.84822028  630.63603453  187.25512439
     97.75740692  103.03050389]
  [   0.          -46.58056697  -58.3638419    53.75136217   46.5800223
     31.17309446   89.10313838  -92.46575433 -261.89523466 -364.47900833
   -408.09830382 -217.01777902 -169.74460202 -245.67693772 -255.3158014
   -242.36574579 -300.91949275]
  [ 427.39095785  421.02861536   41.27838249 -299.13360454  433.75322794
     61.53321153 -306.12359576  654.37749204  786.90441268  726.47915179
    823.87640835  784.43085695  594.29977179  303.10806368  735.39074634
    485.72711693  221.91842973]]]