[[[ 465.39        371.36929613  504.82726164  429.6831878   559.41025295
    550.50231693  464.17809547  421.24372958  428.4682899   408.27997762
    431.69028756  535.21569581  660.8635966   793.68430708  318.8960432
    167.29610266   51.83072609]
  [   0.          -50.07403323 -109.37384598  -62.07625024   50.07344246
     25.39799556   49.97791005  -83.54757933 -227.91194699 -319.46805181
   -339.50769217 -179.51888899 -148.3525189  -258.8886699  -220.88085281
   -197.77448585 -276.60737659]
  [ 380.51195785  371.14260321   50.4429397  -296.29685668  389.8812384
     51.14778724 -308.2967096   591.37343188  739.90272104  676.42101433
    781.70285358  725.80911367  540.78563166  446.19349341  710.00862345
    520.17301407  425.20300418]]]