[[[ 394.85        271.75230927  359.88329501  278.66854474  517.94686918
    471.49557967  385.19120345  336.46234109  306.72884151  271.44266443
    297.04088036  448.17428085  635.57089259  725.21408431  175.40440928
     10.22354034 -152.39659964]
  [   0.          -37.91434452  -58.87480157    5.87377816   37.9137592
     34.97561344   94.74124348  -82.94162437 -247.12252846 -358.63310787
   -400.60626027 -214.00853707 -132.38005169 -185.44614962 -212.96707273
   -179.13394013 -273.47494283]
  [ 414.62388259  406.64843253   43.16908379 -316.06837397  422.59927016
     55.78352879 -335.82190571  636.57661859  761.86641018  686.70736624
    784.27784223  767.36570129  604.33837442  335.56242873  718.28317421
    505.04524494  430.31912241]]]