[[[ 468.29        372.44444856  433.36803178  546.36059816  564.13510989
    573.64956423  614.05531829  496.06671784  578.06814836  567.04825867
    612.08252796  675.73357107  811.49253862  927.2601789   456.63434725
    237.47196982  128.02846928]
  [   0.          -33.57738711  -40.9160534    11.02182551   33.57703847
      9.45087045   51.17818926  -63.57677101 -160.63356509 -241.72057482
   -242.0004128  -118.62019061 -149.16539346 -314.27910852 -158.27650027
   -189.09674808 -289.94547869]
  [ 331.9991565   338.01207119  -23.47507917 -361.69925738  325.98628513
    -40.61504507 -373.4647838   561.53759244  754.6680526   737.26441067
    838.90886355  704.36757869  521.49654358  694.37449909  764.94953187
    703.19536724  832.86488377]]]