[[[ 447.74        351.53320781  310.17829586  258.36855924  543.9462034
    652.38506771  829.72207744  446.20707451  449.63288563  394.4929704
    400.46867689  555.03822468  627.66067714  630.94358814  345.59189811
    192.46602994   99.22672795]
  [   0.          -25.3201213  -102.00858422  -52.85604819   25.31993697
    -71.46599888  -47.9073886   -69.64372308 -177.51972189 -253.48983732
   -265.87475485 -166.75848756 -223.10852124 -325.08891511 -157.8177859
   -150.84747706 -249.22876833]
  [ 344.88996039  346.7548281    42.49479062 -264.44011168  343.02513011
     52.64266966 -264.02736829  570.38728248  753.12256441  689.65608283
    792.04486355  738.74728304  530.10440389  644.50062106  723.65137863
    520.97470431  592.23283728]]]