[[[ 321.246       197.86215184  285.65726155  285.55907399  444.62910416
    477.63297965  448.86843139  342.80733159  400.13769004  416.99958742
    441.61199707  537.16300389  889.08171862  980.77685767  252.54060103
     -5.69483326 -177.67961385]
  [   0.          -56.07022255  -73.02486845    2.92585623   56.06963602
     16.71136151   99.86447287 -105.37980371 -247.31365764 -341.33054893
   -355.63920848 -177.74493478 -235.12328787 -407.84456868 -249.85913044
   -256.03729929 -314.97210723]
  [ 169.02245069  169.22951545 -203.44475396 -569.25980486  168.81543602
   -213.0394209  -599.20091452  397.69811146  561.63334846  539.5746975
    631.07948255  559.02847912  699.58645112  855.57836521  545.47925711
    443.80797503  390.17249976]]]