[[[ 318.188       197.32521462  222.7048614   251.90897958  439.05008218
    460.55004143  439.12477548  321.23695294  348.0747852   322.57103208
    336.5425778   480.93450321  724.82554192  847.88725474  210.48020634
    -28.15227016 -145.09249279]
  [   0.          -37.65963258  -55.44886398    4.32380986   37.65932515
      3.61790129   96.06918336  -78.65887244 -199.39919959 -298.96518055
   -302.48106131 -156.7946758  -192.85587269 -363.4397649  -182.11409336
   -206.64786043 -340.99674402]
  [ 273.89351058  275.67900451  -98.81626338 -458.74851879  272.10805299
    -96.40112786 -453.4847651   504.58766186  693.47327904  671.4922794
    766.97720604  683.96556551  649.98784277  830.22686355  673.88325056
    611.02616434  757.11880574]]]