[[[ 297.64        167.41404591  223.94469947  172.8387856   427.86494664
    454.46795782  431.23785822  274.22731325  260.79299906  257.56510589
    262.22526231  406.29780665  662.33217687  847.81779251  120.48106057
    -63.87155806 -214.3036104 ]
  [   0.          -48.14043303  -26.76000013   85.76092785   48.13993549
     48.31567815  138.24046921  -88.09680593 -257.84898274 -369.88679404
   -403.23140716 -199.48760422 -133.39655185 -238.48170524 -244.66115437
   -206.99660266 -268.19519946]
  [ 484.75950575  478.60089744   84.26015118 -283.14568432  490.91809481
     89.32983236 -305.34124788  716.26784129  870.12928375  829.96164305
    924.56075363  883.46521355  822.07897531  713.42984992  813.26058462
    608.29590466  416.02604895]]]