[[[ 503.66        394.07163249  448.1107838   517.85139561  613.24782769
    596.19166952  599.91422497  528.59335913  592.76243676  547.59266172
    572.35332524  707.95446628  848.55359421 1072.27397195  462.5875903
    212.18855746   27.08110335]
  [   0.          -29.74162564  -16.54493875   73.27552377   29.7413553
     21.73535317   93.91321007  -79.4201651  -204.50959462 -294.79257969
   -307.57420361 -163.05291539 -123.00078782 -261.12397027 -181.92331118
   -143.66147616 -269.28817282]
  [ 411.57461043  414.32598954   44.50042014 -310.88343182  408.82326758
     27.66334565 -337.11059116  642.77998043  821.880017    776.53532134
    880.2032016   786.25426542  595.16013525  635.23015656  827.64088341
    744.16746048  840.16703975]]]