[[[ 485.83        379.63010998  373.08968591  279.52502199  592.02896038
    759.75146174  770.55516809  388.75610867  294.81091763  283.05697668
    262.77563787  432.09188091  700.22514535  737.65140836  200.94951819
    174.2167505   247.97644703]
  [   0.          -66.65349863  -96.28266228   -1.546772     66.65274299
     48.51812968  134.85900753  -93.90183641 -247.83752905 -355.72264099
   -385.15831964 -209.22028449 -310.62005717 -489.96947778 -251.67914712
   -313.93276224 -406.00158207]
  [ 271.17434863  250.58538209  -94.4300114  -391.08445189  291.76315201
    -21.44394479 -380.06966311  481.59536097  615.64345576  565.17796422
    648.22419053  673.26838283  787.16136818  835.93786355  528.43728076
    309.47479183  187.28347301]]]