[[[ 274.06        144.40436769  152.32314802  142.76670633  403.71477331
    447.75099017  424.40842099  263.26855921  273.47007732  259.6600192
    273.19634605  416.36101327  662.83567838  702.82551412  132.30317174
    -83.30298298 -255.46084362]
  [   0.          -44.20415249  -51.72466434   10.2831481    44.203682
     45.55388326  160.9731102   -83.76080271 -223.99630539 -327.22463191
   -344.48713374 -184.85369205 -253.45264274 -391.08907596 -207.41388573
   -198.43027682 -278.43430257]
  [ 341.25482996  341.66985641  -56.46453055 -430.88681914  340.83984606
    -28.87954473 -410.26573195  575.21182672  749.63691195  706.7481162
    802.32451186  745.90764172  752.38354175  880.2226491   721.40175361
    612.95719432  569.92419825]]]