[[[ 442.          346.01847759  382.9316675   372.28067372  537.98088211
    545.42688191  514.99517996  390.70814843  343.10952154  285.24637566
    267.14486943  461.59774698  628.9516058   691.56640768  254.16590121
    255.88901081  251.45069453]
  [   0.          -35.29747986  -84.67141341  -26.8770472    35.29708673
     25.57069452   68.90627239  -86.07877468 -249.6444679  -340.30422475
   -364.71675424 -226.08127405 -238.44507294 -330.71239449 -233.51390878
   -249.92352414 -348.34643155]
  [ 377.55795785  371.25162978   57.46667109 -280.21542403  383.86421382
     86.10710091 -271.72831586  595.90278162  725.52808296  673.10485225
    772.46611307  726.7937665   555.39039786  262.78608266  662.57021335
    429.57969942  194.54349867]]]