[[[ 418.17        319.33117983  402.86092886  339.25454077  517.00817015
    477.80692078  427.31479514  393.84781862  430.23438133  411.75329509
    454.76283565  532.96265822  633.34076759  645.52377007  313.75236002
    149.70321895  -12.18796962]
  [   0.          -42.7121313   -42.04526742   22.00754919   42.71151826
     41.03613801   55.62525149  -73.90131216 -215.28195896 -300.07696468
   -335.09898752 -172.74578469 -122.88121339 -177.60004011 -203.44635328
   -158.83460841 -168.18314842]
  [ 448.57262311  450.98270335   88.84075924 -292.39291161  446.16253189
     66.94327345 -330.04790571  679.1392648   832.08065187  780.13199
    880.07855573  790.30198178  572.30677896  301.30298496  818.52788212
    696.69033768  501.41253048]]]