[[[ 536.02        424.44877798  403.78139992  357.32601073  647.59036069
    655.18425     674.59236968  537.12577782  592.06065878  593.06680308
    634.87879064  706.84658515  895.50674537 1052.05728989  464.40729398
    266.9103022   169.17035884]
  [   0.          -33.48551494  -60.05017682   50.11664437   33.48495951
     14.86767794   64.47388311 -101.7111123  -240.46274765 -339.819003
   -368.98027693 -192.71038326 -182.15306652 -304.90877362 -234.68770611
   -254.72013987 -301.12061858]
  [ 418.67295785  422.98968094   78.5934777  -272.50465762  414.35624283
     52.96102276 -307.08889042  640.469867    804.82638232  742.27279553
    845.65678237  757.11403686  589.97282136  515.55925795  817.21733538
    750.92386894  620.78363984]]]