[[[ 356.529       243.52218636  307.51364438  363.41775958  469.53510251
    491.80645477  537.51700711  379.20410814  442.36597879  386.71072228
    430.64472866  558.22583952  688.87041825  635.42345509  310.08332629
     66.84926999  -69.05087563]
  [   0.          -12.8670137   -41.59227999   18.9632421    12.86678361
    -28.90939611   42.14609749  -57.65467416 -172.31584595 -258.76832412
   -272.32075757 -160.39887012 -142.55068446 -238.27408721 -135.63613732
   -155.73976024 -276.58525914]
  [ 150.53352948  159.86537483 -201.54980003 -562.67234659  141.20175636
   -214.0910489  -555.7768277   390.76753011  581.91245669  563.46557058
    655.67452375  519.19098761  295.21114411   55.86347275  600.47480399
    697.95638034  835.93986355]]]