[[[ 356.45        235.38393462  238.21322036  185.70974527  477.51514984
    542.9537401   571.43505155  327.03303861  332.1052425   320.02408171
    332.19302147  468.49707882  769.66223416  939.05998073  197.47892663
    -42.21527319 -118.74376018]
  [   0.          -50.14738066  -41.70304703   20.58756509   50.14681106
     65.29262309  182.98751499  -92.20006819 -219.46781714 -321.26455585
   -338.02066921 -170.47396465 -200.97007619 -365.70063407 -209.10393518
   -297.53843815 -434.66169443]
  [ 316.73309923  311.03772151  -78.35358739 -466.95545835  322.42845356
    -65.69803657 -434.76773672  545.44058498  724.93735263  699.11225486
    786.99586028  735.10655323  832.59460804  894.78555758  696.09274058
    728.29700592  832.51011041]]]