[[[ 371.15        259.79281529  294.66947982  323.45864633  482.506483
    473.58797502  467.70026553  372.84725761  419.04311268  400.21184275
    434.51393781  531.74618971  619.54313253  619.63525696  293.36328922
    134.55057595   83.92067599]
  [   0.          -35.75709123  -31.56019582   98.72756048   35.7565486
     17.95119539   76.03334588  -94.66600729 -255.84142669 -351.61098481
   -396.0061411  -217.42722408 -175.62394008 -238.75675526 -243.34423007
   -207.29173361 -237.11471668]
  [ 437.80200474  441.78494787   51.43668059 -281.44188637  433.81904518
     45.98246171 -321.15790571  669.82071877  809.96727205  751.84303416
    851.64080757  775.1701824   532.80775528  211.12441391  789.79514829
    564.22252247  256.77605972]]]