[[[ 459.56        362.27054147  399.22418076  386.48279353  556.84890974
    552.7022503   518.43265045  426.64074694  409.5024266   350.70260495
    336.98716781  525.02473974  663.71850203  728.43479996  311.28458102
    278.76257601  276.75789178]
  [   0.          -41.25446445  -99.22347754  -31.43120145   41.25397214
     23.6124126    62.23562349  -93.96672619 -264.67833322 -354.13003176
   -385.11516273 -231.94597801 -225.90039983 -321.5425292  -252.84132992
   -259.53962826 -333.71210067]
  [ 377.55795785  372.12916507   55.28026313 -282.67060681  382.98668332
     81.56209021 -274.0991343   601.39119275  732.19573378  668.46501901
    770.61185438  725.70556014  542.8881551   250.6808325   679.72231184
    441.45451187  176.22090811]]]