[[[ 459.38        357.38529105  431.98155463  427.95599036  561.37397491
    673.84200954  749.34838008  414.6617812   414.39892301  428.61898346
    435.76746962  540.53698022  787.95394853  966.54622432  301.16664687
    306.41566428  381.26831666]
  [   0.          -71.11407812  -77.71593993    1.15180573   71.113314
     34.40809903   64.60257704  -67.23498613 -201.67741819 -311.84211513
   -334.38655567 -133.13253045 -106.59364319 -264.63183177 -236.02178051
   -353.62214723 -434.60456021]
  [ 381.95646161  365.54623565   29.39522743 -315.53915695  398.36653914
     56.17295071 -299.72496724  617.79543429  788.63802568  752.15984526
    844.88486355  787.0476823   648.64661409  447.90562258  734.51227095
    565.36810154  576.03569824]]]