[[[ 324.116       244.31635015  309.88448397  104.74658702  403.91522074
    559.25139312  642.30087584  243.2587835   238.60271145  295.26158772
    292.86140963  338.31645987  590.37984854  826.61570185  142.91137015
     64.91466928  240.17702956]
  [   0.          -95.5146465   -66.57698184   -7.40087159   95.51382351
    102.9901147   171.63663731  -75.67737895 -193.03869918 -274.80377339
   -301.94356873  -98.51250602  -48.82927458 -235.49646303 -250.01322668
   -367.51431112 -446.82325145]
  [ 377.59478815  352.18776184  -28.32756055 -359.17395915  403.0016491
     15.31382868 -357.33622674  604.16102946  778.34979174  748.7611077
    844.92086355  787.79212137  729.350453    675.43154938  712.85166629
    485.21819884  515.21568204]]]