[[[ 438.9         358.82706189  449.21546966  375.46592857  518.97254044
    530.31471351  497.44876556  456.09917623  541.8389469   525.32377651
    580.67554979  617.34340883  663.10263212  671.57596896  432.73684194
    186.29107913  -15.38750463]
  [   0.          -44.69595864  -52.98957421    1.12129065   44.69543781
     38.32970188   50.69200396  -75.52468889 -205.97291153 -271.41506249
   -303.09922577 -154.58078001  -83.4917658  -134.93675366 -198.42092255
   -146.37337942 -192.05518201]
  [ 433.94006793  438.28601791   83.1533738  -312.90769092  429.59412268
     49.53803651 -355.12012266  662.73162872  820.0198738   786.01467521
    882.46319059  772.52024025  549.61607473  340.75047364  815.69142756
    763.53655562  744.92728716]]]