[[[ 318.118       224.2472054   275.55256504  139.36608411  411.98823895
    526.10957215  572.70293447  232.55514356  203.42455978  217.3086098
    200.53930577  324.05936782  612.81072699  823.57497651  105.22696139
     89.63602116  252.03108522]
  [   0.          -88.60859399  -42.64660802   45.09906817   88.60768131
    118.32318412  194.93003384  -73.48735212 -197.40552189 -292.32189593
   -311.76935698 -120.68608846 -135.82231554 -334.68577354 -241.86483825
   -367.80163861 -461.47687046]
  [ 403.98370223  385.21320547   -7.55885372 -356.12332429  422.75405908
     28.10157214 -347.42188615  631.34460976  798.84938044  774.52625379
    865.17502652  808.38067442  782.77051052  717.48937882  737.23023536
    535.64489144  494.50608997]]]