[[[ 394.69        301.10197064  307.17549788  314.96534015  488.27744231
    499.93913984  511.74477064  386.11769246  419.85855811  402.88483687
    433.15482882  517.68187515  626.65230842  627.69378529  320.46543613
    275.15463862  253.89645529]
  [   0.          -40.79525044  -27.55642763   66.57380441   40.79467007
     65.38194479  114.68327327  -66.25987304 -202.93066831 -284.98468592
   -325.98075319 -166.00944753 -151.31646697 -228.6625039  -203.68060504
   -204.53931237 -230.49504202]
  [ 421.43295233  426.75230405   34.38965517 -332.64118344  416.1135973
     30.15618716 -342.39754917  666.750159    830.41396688  781.86765495
    880.77050151  791.7316079   563.7296817   266.29821325  804.88285133
    605.66068887  349.49891262]]]