[[[ 277.008       131.86368774   95.71027239   44.43335391  422.15135162
    452.19764199  585.50418408  265.9197302   267.28883673  205.01013696
    216.33080492  422.90664112  716.50155937  994.34689162  113.88035799
   -213.63596275 -453.19616551]
  [   0.          -27.43130677  -15.09333663   98.87055196   27.43104114
    -15.63265019  103.55017812  -73.05760714 -200.52561461 -302.02947141
   -323.43081255 -168.2172806  -120.71616451 -268.10748972 -155.49279202
   -113.13164272 -284.17288423]
  [ 349.05003062  354.36287027  -15.64245148 -329.16053613  343.73727902
    -48.75566748 -327.03263778  596.06805576  775.07659408  719.86608474
    815.62586355  780.44007043  714.6912685   716.04767236  758.75119728
    711.06339926  803.39745653]]]