[[[ 388.86        305.94149817  389.20176858  402.13394127  471.77789652
    542.1754855   532.78954493  431.53062889  527.35037598  537.43372551
    576.88293021  609.01771526  678.80681169  628.11856237  419.16748036
    309.62262555  292.1115205 ]
  [   0.          -59.44814349 -118.29013263  -31.05420447   59.44752018
     31.98252946   40.75444764 -145.68887586 -340.08087775 -419.10644716
   -459.20458772 -273.38864071 -256.02956109 -329.22232741 -359.06213501
   -375.22345663 -385.17688936]
  [ 356.83895785  351.03926033   -1.7307367  -363.52744759  362.63857535
     19.17785666 -377.57366823  547.33143051  616.56848986  556.86746085
    651.63650261  584.24808974  361.18008627   90.77337117  590.75239433
    369.74855898   89.46875368]]]