[[[ 332.949       196.71608937  203.12543897  270.67058567  469.18092168
    481.66398372  437.91865255  315.24370142  317.80641987  287.30216202
    304.70104603  469.31410008  762.51718951 1007.07202343  170.17653883
   -120.74786312 -309.08609054]
  [   0.          -32.028483    -42.55826819   27.06784354   32.02808717
     31.38100252  171.82295093  -94.55264063 -247.00010676 -359.43763658
   -382.7270752  -206.13302567 -178.85973864 -326.61288367 -210.37951244
   -208.91230265 -368.03418981]
  [ 454.43344689  453.1281102    75.12630991 -318.21390571  455.73879408
     66.0961971  -291.91106278  679.23195667  838.2554162   781.64973361
    876.13398582  840.64226362  773.26407082  794.66042228  818.52251449
    754.19980268  830.04386067]]]