[[[ 226.908        85.54946603  149.2371802    92.08421238  368.26564774
    426.09273043  303.28334294  172.7861789   137.32637604  151.78704878
    165.07424763  302.71693922  617.75109492  852.35721818  -17.77140967
   -278.07113131 -370.62325104]
  [   0.          -54.11575664 -100.64769283   -2.46272608   54.11516844
     26.43083     248.79457971  -88.01071446 -260.24294913 -389.82581412
   -417.70756309 -197.71440681 -126.5548908  -303.24063816 -238.07736492
   -218.8683576  -392.08085088]
  [ 326.55330241  302.73375443  -72.66913245 -380.63001848  350.37270701
     14.63412309 -300.4594211   553.71916448  702.38194242  652.42018518
    748.65500541  747.97380715  761.90891352  865.59986355  634.07453527
    400.16961905  441.91593336]]]