[[[ 391.86        285.69999779  325.89679388  314.77876923  498.01935658
    519.55127295  484.98544431  398.47506271  486.33375998  471.72976091
    534.7671098   582.25758874  647.72221534  650.96404431  356.87238631
    154.43995913  127.24063864]
  [   0.          -43.70037803  -77.39500175  -16.19102941   43.69970746
     16.41165703   91.69206026  -53.73136893 -142.72877927 -229.02158693
   -248.78135662 -104.4326736   -58.8737959  -169.93135691 -147.29778417
   -277.73967854 -392.9120047 ]
  [-104.03255746  -96.12547418 -471.01597894 -857.35706747 -111.93962757
   -480.24427952 -841.09640255  153.99321722  354.15921839  324.99064027
    416.1890513   281.35477956    3.45828451 -289.56273517  389.12439963
    586.65549654  846.77651   ]]]