[[[ 486.08        396.52432874  412.67395505  395.08679027  575.63535803
    547.6957095   503.72482613  448.94326979  456.87124111  446.96658991
    468.62385612  554.74600091  683.84707061  842.42340846  360.25376529
    298.13485697  205.21996511]
  [   0.          -51.2891292   -46.01482229    8.82736633   51.28854437
     76.5865303   122.45314238  -56.27527541 -163.18663279 -239.36521489
   -255.10901576 -112.83305234  -95.16779551 -221.6531731  -172.86926137
   -154.95258597 -199.99992639]
  [ 392.24111456  387.26766449   24.09793885 -333.19307088  397.21451714
     39.55288022 -326.40440337  623.99087482  807.05555049  757.1957942
    862.63386355  788.44876576  608.83262002  699.13940917  774.51441544
    547.9664092   554.23061689]]]