[[[ 7.03850000e+02  6.18451511e+02  7.69214496e+02  9.62418848e+02
    7.89247922e+02  7.38159037e+02  9.41462207e+02  6.33011617e+02
    5.67194251e+02  5.15728690e+02  5.29290210e+02  6.98334098e+02
    9.80583805e+02  1.23712876e+03  4.74726955e+02  2.97522530e+02
    6.60001340e+01]
  [ 0.00000000e+00  1.04719660e+00 -1.86872979e+01  1.86104152e+01
   -1.04733985e+00 -3.38148542e+01  2.48416179e+00 -1.07914775e+02
   -2.51110238e+02 -3.43847712e+02 -3.55606415e+02 -2.48352572e+02
   -2.78423120e+02 -3.92985105e+02 -1.99158165e+02 -1.71679383e+02
   -2.41693821e+02]
  [ 3.80325958e+02  3.59804050e+02  7.61219741e+01 -1.97549519e+02
    4.00847711e+02  1.21409557e+02 -1.87265941e+02  5.57652553e+02
    6.64239549e+02  5.88742044e+02  6.82146627e+02  6.92900519e+02
    6.27930899e+02  4.58089985e+02  6.18633954e+02  4.56193606e+02
    3.90151314e+02]]]