[[[ 400.65        279.9354806   354.97469546  269.75541338  521.36368506
    512.39962069  419.16882981  302.09747331  209.07117604  190.54951704
    177.98566331  358.94208249  656.39315676  930.33560363   98.48065401
     17.99498605  -74.00604135]
  [   0.          -49.71615028  -56.98710709   10.37324727   49.7155659
     66.76058027  145.91642972 -100.29920072 -283.41598954 -391.70840621
   -431.71404724 -235.86569943 -165.37347045 -279.81762603 -260.45351437
   -220.29471547 -286.55013017]
  [ 380.53695785  355.86754819   17.64839463 -305.21597078  405.20620616
     76.76957958 -294.81520793  586.23560476  683.83969308  630.56523948
    719.37962396  748.26863943  789.32237956  694.8870604   588.58012558
    322.75737311   99.07132762]]]