[[[ 391.64        295.00473061  253.7945361   220.26576494  488.27449335
    654.95825966  691.97973557  368.24905085  370.25376481  379.38101116
    384.47304155  474.31893672  647.8250841   694.54405184  270.74960785
    251.46466154  286.35829561]
  [   0.          -50.36070671 -108.86425535  -18.57985252   50.36015316
    -16.99742599   23.78470691 -107.12919648 -254.78044369 -348.88346976
   -363.20581181 -208.76217141 -308.36135282 -454.06427164 -270.51261128
   -404.20691646 -502.86060305]
  [ 359.34874315  352.58640782   39.63064907 -288.34540976  366.11101191
     63.62783366 -304.30830283  575.29704471  743.96575595  724.1463537
    815.60386355  741.79426222  745.80257049  684.76760809  691.07515641
    597.2652442   539.26689011]]]