[[[  59.183       -33.45106127  136.68651006  373.06189821  151.81722542
   -130.44103801 -269.34769106  109.05388792  191.42449737  162.06920049
    196.73375064  297.67141982  555.05857537  628.68534444   65.09681972
   -225.01366782 -403.21450065]
  [   0.          -23.41570976   33.18583041   72.19541096   23.41552779
     19.73745342  115.89606634  -45.48337702 -112.6629689  -170.04445926
   -164.86115283  -69.69540349  -75.25829536 -185.28831369  -90.3798482
    -38.04190856 -156.83457513]
  [ 262.3475121   271.40478105 -121.82421527 -494.03297718  253.29034007
    -98.30662304 -476.39367419  492.26337015  699.93685481  707.09475499
    804.86136792  670.74182851  671.73629843  797.03665687  692.94186482
    702.58011737  826.20348928]]]