[[[ 371.18        260.39937367  155.70651644  323.98512097  481.95966393
    486.57425961  740.7938699   355.58923545  402.3938688   378.00472904
    432.16306605  517.06915418  748.99921246  950.43163168  281.44728976
      7.98468228  -15.05378533]
  [   0.           -0.96068397   77.28469428  162.07258784    0.96034988
    -27.74300704   17.44861038  -57.8402672  -155.25554462 -244.59327758
   -273.58675564 -136.09730837 -109.13432687 -229.20917954 -122.40408846
   -194.81658595 -315.66708811]
  [ 108.57590789  120.88491481 -249.69556318 -586.76918794   96.26694919
   -304.62969131 -657.18019671  357.78252432  551.90447139  526.53182269
    611.98333431  504.89313456  344.20186699  174.1208112   563.57441223
    698.15682317  856.19910459]]]