[[[ 2.62360000e+02  1.30920688e+02  1.16467200e+02 -2.59587062e+01
    3.93798390e+02  5.30455454e+02  6.48143414e+02  1.95865181e+02
    1.89210857e+02  2.22373385e+02  2.24902635e+02  3.36284765e+02
    6.43061202e+02  8.97051314e+02  4.80080420e+01 -9.69633313e+01
    9.23521879e+01]
  [ 0.00000000e+00 -8.17135898e+01 -8.27911615e+01  2.99906753e-01
    8.17128033e+01  5.09669539e+01  1.38461823e+02 -7.90964945e+01
   -2.30733367e+02 -3.44022518e+02 -3.88040312e+02 -1.49323561e+02
   -8.64401498e+01 -2.76927639e+02 -2.58086121e+02 -3.51305069e+02
   -4.55252922e+02]
  [ 4.26279828e+02  4.10710707e+02  1.51859415e+01 -3.44541906e+02
    4.41848858e+02  5.41350638e+01 -3.21882050e+02  6.73353747e+02
    8.19064707e+02  7.58289700e+02  8.49536088e+02  8.50618783e+02
    8.17702534e+02  7.00800677e+02  7.56057837e+02  5.20127110e+02
    5.08555209e+02]]]