[[[ 294.599       172.81290815  193.05374764  232.88128603  416.38435699
    431.23692939  412.87311652  296.37066936  329.93400113  322.23929366
    343.58222695  463.30011175  724.5065442   784.09546159  195.22539279
     -5.25097385 -125.86073708]
  [   0.          -39.53834962  -41.87894261   36.25633529   39.53785426
     26.72367502  117.04254222  -74.28059761 -203.33841517 -297.24495059
   -312.34510895 -160.96472314 -223.53903257 -385.78329454 -192.56910298
   -182.99429045 -256.36531298]
  [ 406.53675819  412.75045045   26.87913484 -363.00319821  400.3231322
     10.96840607 -374.49404846  644.03258674  828.03264579  789.6738321
    887.57157838  803.75440398  735.64231617  900.86780665  816.09453496
    679.92864893  656.74719847]]]