[[[ 365.27        252.08545989  321.25882587  383.03551457  478.45417114
    470.22044689  490.09418823  377.893517    444.48335486  411.79091749
    445.00732575  558.78710126  643.02047634  692.87793024  309.67612033
     94.37389837  -10.88035016]
  [   0.          -42.6304609   -61.29353068    1.42025874   42.62994768
     -3.27197439   64.24041196  -47.95446729 -146.70018417 -233.34988624
   -234.91090588 -111.78246937 -157.53636273 -302.33160478 -142.3200596
   -133.25008167 -247.3454535 ]
  [ 338.03142638  346.27602248  -23.26298895 -364.12322079  329.78690244
    -42.91090595 -364.98179861  583.31443957  785.40692797  731.62507668
    842.01286355  737.69465922  508.64569524  723.8335403   794.40945404
    629.6966671   705.52021631]]]