[[[ 503.63        425.12168174  549.06161103  489.46096416  582.13806811
    569.27015114  510.00448483  473.83244574  508.43513441  519.88348202
    540.08287516  597.92988157  712.192523    841.22864967  409.11936968
    288.87432768  240.74244465]
  [   0.          -66.43453611 -103.98718234  -52.88604681   66.43382493
     46.52064104   46.71599484  -67.55316385 -193.41220764 -266.28109604
   -277.3602035  -125.60063921 -135.34177504 -279.03883369 -218.8287154
   -208.91838035 -201.93502101]
  [ 410.17743812  401.91521305   78.00487821 -313.48100123  418.43958313
     72.32953768 -338.28538725  631.14085462  797.5532733   754.25729364
    859.72586355  773.55272982  599.1282867   698.61201453  759.51692456
    530.67877895  322.85184844]]]