[[[ 385.94        278.90952748  318.20244476  319.36068032  492.96980871
    522.01321837  512.90730083  404.45514449  466.01011249  457.9847528
    473.59692708  585.69824999  769.97983459  693.00399546  334.70237482
    160.22417556  263.69602412]
  [   0.          -58.32688489  -54.9983408    37.64469762   58.32617735
     58.85222494  127.20994405  -71.2596016  -190.52450241 -284.09817139
   -301.50923743 -143.35457295 -234.19885152 -388.8845095  -207.48556807
   -294.24657757 -347.51253968]
  [ 377.86972385  381.00341047  -26.78857054 -376.27336161  374.73604154
    -15.22040293 -380.5613823   620.85500801  805.5274507   766.45474445
    869.55210615  770.46482016  589.49757376  672.25762634  793.91295246
    652.40337182  631.75191025]]]