[[[ 353.504       244.2513857   307.95266551  265.27092999  462.75617539
    425.05437361  364.22344334  279.43983593  238.86195582  221.82912037
    237.12127081  362.02391654  433.96212536  356.25203138  130.29366107
     91.32138569  143.84595455]
  [   0.          -41.925035    -99.08331367  -45.91504811   41.92450425
    -30.65531963    5.87129712  -51.33127875 -189.51095186 -293.40488591
   -308.9466247  -170.19279292 -231.45948608 -331.34961676 -179.88345902
   -223.50732839 -313.21159446]
  [ 401.07895785  395.8702915    69.75249584 -300.03421787  406.28757276
     73.97392959 -314.06303701  628.78530097  787.82196534  730.45705924
    830.45808295  797.86967925  629.61882612  744.23674034  722.59533021
    439.05211118  573.76916697]]]