[[[ 282.869       185.7655042   200.2078682   178.22168592  379.97196787
    387.46827728  373.6494254   220.97194953  205.57874939  192.95175569
    202.68651787  314.8448851   443.61166774  485.33843736  105.7250307
     94.29772756  101.41513026]
  [   0.          -50.00612358  -48.29684744   11.32209212   50.00559367
     52.45677879  101.4119183   -39.56449888 -163.50761878 -255.08850176
   -284.35831298 -120.23433957  -62.32896798 -139.57559194 -168.43643469
   -191.66581296 -255.60753921]
  [ 367.30673118  360.36964168   -7.6428591  -360.69599849  374.24375582
     14.83796087 -355.32158643  600.33805607  767.55524069  720.90346262
    818.40086355  764.59349688  567.95641839  335.01402876  708.97437741
    456.91387664  569.93842068]]]