[[[ 371.19        272.17153289  236.61028737  196.80655336  470.20761148
    646.29879365  674.17006541  328.19332551  307.57280399  328.0170883
    328.98695946  418.78821167  622.37241789  663.08346584  210.66234726
    242.66385674  321.7312386 ]
  [   0.          -57.04095954 -106.74785804   -9.15517878   57.04031989
     -9.91514001   44.10424506  -99.86628516 -256.17698303 -359.7832057
   -378.21842204 -206.6074224  -298.5452893  -460.18229029 -277.61217739
   -429.67804288 -542.05498157]
  [ 380.51304482  368.14643946   55.93967649 -267.17120014  392.8795371
     87.36468461 -285.33571804  595.8981028   756.20065649  730.24707088
    818.43086355  768.09415955  763.48750101  664.49962079  689.81423909
    556.04322409  527.99574466]]]