[[[ 271.137       170.41296598   72.78969971   77.53277798  371.86024124
    534.46254809  615.36941045  177.67920984  121.53394035  132.1393641
    131.93213937  234.03187702  437.39701124  452.7323819    29.6761355
     43.06124922   41.40989225]
  [   0.          -59.83441175  -87.02424236  -35.37797577   59.83381644
     -1.29627189   65.72079581  -43.45911194 -133.46984769 -224.67812505
   -223.74104336  -86.50570972 -165.79632487 -335.27756554 -162.5934194
   -364.42664114 -430.7079943 ]
  [ 223.96761849  213.15132867 -101.370096   -473.71702642  234.7838317
    -83.56040476 -464.70678998  448.59104662  648.46237863  640.95102278
    719.14544119  658.45066457  712.40108518  786.50872239  593.42134063
    617.16406167  818.41486355]]]