[[[ 382.97        278.86854938  308.57997762  303.3477149   487.07098173
    477.34318972  470.45632771  351.62674341  363.94657907  349.79586493
    375.16068388  477.37322822  643.62639842  745.03080418  245.59930446
     84.36508437    2.87821097]
  [   0.          -46.42049577  -37.61543192   14.6783967    46.4200168
     34.90270612   92.27488266  -44.81144677 -145.26512374 -233.86244968
   -242.71484283 -100.23808329 -108.35178453 -259.57323438 -146.20141702
   -163.65103293 -262.33287264]
  [ 319.3604702   317.59451043  -50.79776093 -380.28269218  321.12642196
    -43.13745871 -380.03785695  557.24056856  756.36876407  730.99536821
    833.13786355  737.22107333  578.69077993  669.03789578  727.62007204
    548.49021407  633.05595963]]]