[[[ 330.025       223.89962574  312.302376    394.05839162  436.14977502
    444.1111386   510.66737252  330.33943268  336.21219673  322.99334279
    324.27532154  464.48363558  657.11814656  692.61431814  224.27601909
    163.78129051  187.61143406]
  [   0.          -11.75508226  -64.67195045  116.50066856   11.75502919
    -45.83817529   58.97430082 -156.04226823 -373.7145385  -478.53595416
   -488.54000285 -346.61820494 -402.55382702 -493.66779255 -351.27943437
   -385.95219192 -512.42261394]
  [ 353.75395785  341.15628899    7.23994107 -225.54005781  366.35148168
     16.09094851 -255.17519745  520.25978933  619.25298041  610.45112428
    711.85822372  612.98919845  439.46361105  184.5685131   561.9849685
    314.23894745   76.60249105]]]