[[[ 353.557       245.2966445   303.7134116   372.71259041  461.81679026
    495.60661406  503.91945582  393.43894806  486.58444507  466.24631517
    495.2685868   599.7973235   810.18646162  847.50142039  351.32935664
    104.09407343   90.00865493]
  [   0.          -48.5177866   -39.08277168   20.49092908   48.51729985
     39.09763782  122.78254699  -69.78515141 -158.39838862 -242.61249683
   -239.8149355  -107.49334256 -180.17190409 -357.46565632 -169.61458747
   -283.41152011 -377.18393989]
  [ 130.69382988  137.52535452 -255.83755957 -624.99411843  123.86238188
   -267.13502798 -623.82943076  369.44356665  568.23600963  551.4464701
    650.89101813  513.57509759  399.37349001  581.63239535  592.86837158
    689.99122543  851.94194831]]]