[[[ 324.281       232.76924209  288.10286273  450.81148654  415.79221572
    403.74827958  612.80510131  403.75917515  549.33165931  493.48747756
    559.88068294  631.94331499  735.94793971  846.26865879  436.18962464
    178.35449617   40.50923772]
  [   0.          -11.8527831    66.26862071  155.37917602   11.85245736
     34.00796942  133.96627904  -55.12098353 -148.19250723 -214.05453428
   -237.75714623 -117.43306981  -62.94125257 -146.50613319 -122.6339593
    -84.4117342  -194.11592324]
  [ 212.25144813  230.74269443 -224.23487766 -606.49681675  193.76032875
   -253.11052092 -610.92819436  452.96879209  621.0260902   595.08097302
    689.12930578  533.05190475  260.88319493   74.88507795  670.00531874
    767.86995085  945.94464249]]]