[[[ 415.37        332.2954843   357.86443961  304.65191502  498.4440085
    520.04606132  527.89342944  397.24811371  436.92313829  447.59627083
    482.43651249  533.47376328  713.20651784  660.08296996  325.3985782
    106.5623389    33.93961513]
  [   0.          -62.04695852  -33.63507416   -6.07145884   62.04621653
     97.76507123  127.7076544   -59.36221325 -165.01118677 -239.7197049
   -266.87244741 -113.41878174 -176.01651654 -279.92429584 -177.92939983
   -205.74149578 -210.94934353]
  [ 342.10187139  340.83497056  -40.54399631 -421.77296215  343.36876025
    -35.24542313 -418.27165195  587.79477155  779.19109952  753.89622083
    854.42183355  754.07318242  669.07218379  636.58784253  752.26968362
    650.31235227  536.20622311]]]