[[[ 335.865       203.90380733  188.09869974  148.81460219  467.82528091
    477.87526603  471.79313413  305.85118159  298.77754305  256.48740842
    259.87806143  443.62344539  624.33899146  597.51337277  160.90101267
     49.45678101  140.57957437]
  [   0.          -50.15369091  -46.52880627   55.90052091   50.15311264
     67.83729412  172.70619588  -36.17020549 -184.42961296 -298.06741922
   -336.06736355 -146.44780716  -95.77708668 -201.05564103 -170.98006694
   -186.94925775 -285.70370405]
  [ 418.77223677  416.96578343   17.0185898  -342.35292283  420.57865117
     45.77473223 -323.54710571  677.33805298  841.9139402   785.08995101
    878.1011596   842.71426048  649.94391504  347.47796898  785.8964054
    530.1321261   540.42334437]]]