[[[ 2.35864000e+02  9.30069937e+01  1.41461434e+02  1.19321712e+02
    3.78720059e+02  3.74506578e+02  2.97485976e+02  1.79685284e+02
    1.53218698e+02  1.22321728e+02  1.30664539e+02  3.10021717e+02
    6.10201141e+02  9.04736128e+02  1.87827627e+00 -2.73675413e+02
   -4.86080890e+02]
  [ 0.00000000e+00 -5.41904603e+01 -1.31766000e+01  6.18500465e+01
    5.41898544e+01  8.43517825e+01  2.26164113e+02 -6.70824175e+01
   -1.90646617e+02 -3.03031673e+02 -3.18644137e+02 -1.35935129e+02
   -8.32713884e+01 -2.30107184e+02 -1.69998003e+02 -2.07962631e+02
   -3.74641163e+02]
  [ 4.00744503e+02  3.94579323e+02 -1.99011453e+01 -3.95628948e+02
    4.06909672e+02 -7.66173007e-01 -3.69808381e+02  6.37345447e+02
    8.12889025e+02  7.69679573e+02  8.62510813e+02  8.28467208e+02
    8.75657477e+02  9.10197451e+02  7.82959177e+02  8.13081115e+02
    8.95121266e+02]]]