[[[ 421.28        337.10501892  426.49841459  419.65342797  505.4543752
    591.92904728  542.51550926  505.79782694  624.5376481   608.81482033
    652.72014343  712.54755405  810.69511758  697.7783929   503.48769366
    250.45772533   89.93792324]
  [   0.          -39.44741902 -113.79742128  -26.79704103   39.44709263
    -12.85779546   28.36301103 -138.9226993  -314.15540186 -389.72017667
   -418.93703549 -266.90902484 -301.83004385 -398.51321477 -301.70705602
   -267.61038422 -303.0037661 ]
  [ 336.22095785  336.90231436    7.89943983 -341.92971189  335.53963667
      6.5095754  -362.82526615  506.76486684  611.97213074  574.90546475
    671.21284208  572.69550385  383.99947926  383.8993339   607.74828543
    521.57327931  436.00916675]]]