[[[ 209.426        63.42782195  120.47980777  133.89741856  355.42313333
    462.985417    584.00335092  186.4233772   195.32309512  162.96421361
    166.59806783  357.75001476  695.64619159  939.83384975   34.37205955
   -277.82903922 -497.40959056]
  [   0.          -52.32306367    2.1975796   107.81988841   52.32262404
     41.25490795  204.31667275  -59.65450341 -171.85737581 -284.40966645
   -296.03218865 -116.74823713  -89.64330102 -269.76101445 -155.05858023
   -176.63940832 -351.35111953]
  [ 379.60453399  372.91419299  -46.24553222 -416.76434369  386.29489421
    -31.25408248 -379.09245077  623.94083985  822.87307438  805.63853749
    893.64485928  822.08749361  859.11336714  912.63866128  802.98548943
    847.07639341  933.86187768]]]