[[[ 459.54        387.09266898  409.62867558  389.85068878  531.9869373
    535.12433753  488.56370132  404.66254637  405.21438847  389.06666308
    410.68085563  487.40490972  570.50104519  610.19155889  325.13787325
    337.68867843  351.21034234]
  [   0.          -52.76849967  -67.16880145  -37.65993708   52.76783719
     71.22309394   93.84934085  -34.19637292 -123.81948305 -199.42261851
   -213.58259624  -81.79807251  -56.72596    -131.80173711 -147.73897487
   -257.24420979 -276.21963665]
  [ 334.57947621  329.27083367  -16.16694582 -372.68294874  339.88803607
      1.88076448 -346.85900676  567.39626088  755.37896465  720.31048949
    818.38186355  727.06130243  492.18885192  214.68550034  720.44223755
    592.4997519   766.0437274 ]]]