[[[ 468.38        390.96517138  457.94928906  545.56816902  545.79444613
    565.19216208  629.02552492  484.29951961  566.88322223  579.71599982
    629.3183674   647.75782823  763.94607479  817.86952833  459.75921263
    274.06779836  244.93625573]
  [   0.          -40.89752307  -31.08857712    2.37761771   40.89701986
     11.93336646    4.72966531  -49.29021913 -125.82567819 -195.6074224
   -194.4782388   -79.15088937 -125.83479147 -290.55455014 -144.42251814
   -217.95013769 -282.91523168]
  [ 310.64023484  313.72062195  -38.62671634 -397.42347197  307.55986375
    -57.10239746 -422.76843546  545.28560384  747.54677238  735.40066241
    836.03186355  686.08846454  455.78057164  645.33919862  750.93824458
    666.52114228  808.5078146 ]]]