[[[ 371.16        253.97428477  226.81812549  122.71940633  488.34480864
    525.23679472  533.49601415  310.51807175  288.07912475  273.25234603
    274.00031618  420.00238379  687.19152481  844.62842033  164.06779481
    -28.53007707  -32.03618772]
  [   0.          -60.50681793  -27.3164614    31.94048787   60.50614098
     97.34295873  204.0549667   -63.33570213 -175.97308102 -277.48364168
   -290.15235837 -123.18668228 -150.41272236 -321.92500525 -178.54364528
   -295.02719893 -432.03896606]
  [ 437.7748302   428.69466057   40.28737991 -357.49404164  446.85493666
     60.75871429 -339.91020879  668.89238059  857.82743316  842.47216585
    929.79987184  866.40264288  903.53465095  923.19519055  813.43365601
    807.91091616  890.04725749]]]