[[[ 421.24        312.21402159  293.24498068  317.9025339   530.26526361
    575.31102078  614.50129712  410.40259004  455.67599008  428.82531495
    460.1715848   564.06412625  662.82380607  803.29954029  330.06667514
     99.35840878  -17.23180524]
  [   0.          -39.70045946  -18.15086178   61.34300631   39.69994588
     44.56215437  116.10262472  -54.33370552 -162.1068006  -253.041202
   -269.78575435 -119.19206684  -98.07239951 -234.34542502 -155.4443642
   -144.81093617 -230.45874749]
  [ 403.32330584  410.76061412   27.7086418  -365.63117622  395.88604254
      3.45103076 -356.21729968  643.25588938  843.44996431  798.81730061
    903.45548205  793.10870707  572.89351031  598.57562191  844.11746721
    770.68914034  686.29405663]]]