[[[ 477.11        375.94178841  359.00800246  331.95433139  578.27747567
    655.13675172  745.92451713  524.78743045  570.21655831  537.54849732
    551.67755847  678.52226634  776.44461842  748.43091624  453.60855462
    324.8312906   257.43974109]
  [   0.          -27.71845536  -61.16679576   53.06005101   27.71825286
     23.5491258    99.70139637  -85.69723895 -240.55412182 -330.28362324
   -359.49578678 -207.37722036 -189.82409765 -260.34340867 -226.50014413
   -178.84341122 -194.74853717]
  [ 425.83008592  431.85670547   76.38066041 -292.06250591  419.80351127
     64.11122396 -285.91474329  644.53930501  806.3049182   777.18370131
    877.31786355  773.8614743   559.19375505  329.73080543  771.73438502
    546.24517327  337.08850588]]]