[[[ 371.16        394.71201845  295.22382526  524.18100055  347.60859304
    226.17789278  469.4462392   465.91198025  561.37531516  466.84249806
    533.87536278  520.32264225  243.95786768    0.85432036  560.56229569
    377.87845949  172.3307234 ]
  [   0.           63.45040353  162.75862459  118.66542422  -63.44987645
    -38.08773221  -91.94964347  -28.3654837   -44.25989236  -17.39803134
    -32.91672087 -133.81290966 -318.85633716 -208.77013975   44.76793915
    207.55276846  130.11876213]
  [ 230.58930171  246.24538763 -101.52362874 -417.19082629  214.93335865
   -151.00909484 -495.43103727  449.29027373  667.75391659  673.69066653
    768.26386355  630.7577604   632.24088511  736.43713714  644.34831686
    638.53118448  745.35102059]]]