[[[ 197.553        78.17919678  119.18994871  171.66221668  316.92616132
    368.02070745  408.27541087  177.44704568  203.83968121  200.94567719
    206.74749261  337.29040021  575.96805683  619.14844153   64.86158708
    -93.65721525   16.4992488 ]
  [   0.          -64.56790831  -33.32032151   27.24566619   64.5673634
     56.92138725  149.93634106  -46.16992898 -150.81725799 -252.83637487
   -258.47772311  -94.11258089 -133.4758039  -317.25316439 -171.21718836
   -326.92570215 -399.95122647]
  [ 352.39750957  353.63638947  -40.01362413 -429.47709078  351.15865401
    -40.27604516 -407.6634596   605.14953214  811.66602925  795.55892311
    889.93660035  792.28254668  678.53445234  716.40003311  778.69535238
    696.59006097  818.37546827]]]