[[[ 465.51        373.43138508  433.92992818  499.03542912  557.58821468
    544.84759293  583.46240982  459.88863118  520.6874015   515.96371179
    563.22981174  617.34658224  727.76344359  810.66139099  401.78155355
    179.04496669  129.80520439]
  [   0.          -39.55141499  -39.83690857   -8.79591831   39.55091955
     -5.24239153   -3.51687871  -45.53057796 -124.89842334 -206.57774033
   -204.99886701  -85.43862465 -125.32171814 -288.29958805 -131.74531338
   -204.85283898 -301.86242032]
  [ 300.66663447  303.83091478  -42.55656393 -393.19418406  297.50237966
    -62.05194921 -415.91138337  540.368471    746.75925984  717.93181923
    823.98538982  694.35469067  461.02993394  655.8156809   752.47795513
    678.45493914  836.20886355]]]