[[[ 279.933       189.02084617  268.63116719   81.46850983  370.84457546
    539.22520889  623.35207684  175.98855371  131.05734579  177.22751111
    166.84591208  248.46851158  525.60409698  754.59355928   32.68962863
    -28.57830607  137.96814393]
  [   0.          -84.90463071  -78.18760841  -10.95725062   84.90384308
     79.79261014  160.41433088  -78.33053858 -215.39518481 -310.9579167
   -336.26853391 -135.54502368 -110.18600662 -301.97495436 -256.37504962
   -369.25728447 -479.21181274]
  [ 392.18985492  364.07896103    0.88405142 -314.8425493   420.30056339
     55.83245772 -299.18421763  610.17425781  771.24323024  742.01100254
    833.10786355  796.80774725  785.55825596  717.84681703  694.53016883
    457.12742771  484.97886613]]]