[[[ 324.222       208.31414664  257.29748963  259.38041016  440.12904647
    451.05495194  443.61610266  284.51021629  316.73923953  289.57619914
    340.94083771  432.71401162  538.37711257  549.37349244  182.94909571
    -73.427816   -167.22901381]
  [   0.          -36.98184477  -31.30307937   22.10034867   36.98123029
     42.9282345   138.20976414  -46.19067722 -165.43056685 -267.26130443
   -303.27375365 -132.99986603  -65.12317077 -144.05027344 -143.43880255
   -159.67661951 -301.82995908]
  [ 423.68049748  426.15074826   19.66764016 -360.47667587  421.2102454
     24.795882   -334.50289183  671.59974217  848.83791264  788.06113687
    882.2922793   809.08481178  563.99487686  288.61881757  852.30244842
    768.15654693  901.14917335]]]