[[[ 253.535       131.51459695  162.71557181  155.89343375  375.55457445
    416.34190919  448.67943268  236.24100459  240.9134576   224.71989089
    238.20854677  377.51719783  646.38009018  707.68161028  103.52089537
   -146.8767771  -183.76892626]
  [   0.          -41.15944364  -22.0774913    40.46115977   41.15903825
     33.89205294  143.04026299  -82.28627429 -211.31340277 -315.65340529
   -329.23123451 -173.29617738 -223.63735455 -370.10508699 -194.20172505
   -294.06722299 -436.80419723]
  [ 358.70619544  358.98088558  -35.42202976 -420.56724131  358.43152841
    -38.80700501 -412.51344748  588.2211886   774.9683039   761.73502825
    849.75580488  778.26582233  816.72112167  807.65652533  742.55721809
    741.18499259  890.12843675]]]