[[[ 509.58        418.99573269  461.50308642  373.96089037  600.16369742
    620.96096832  596.0847907   459.55066871  467.90745962  505.66866722
    541.73521699  574.30558144  777.25612362  937.48050603  354.7207503
    160.10562363   51.67582285]
  [   0.          -56.25183757  -64.55069165   16.42286175   56.25117656
     61.13449218   86.90543863  -67.61884627 -182.13003477 -267.50867508
   -286.21037719 -121.59004573 -137.50641394 -288.75585974 -202.37980354
   -214.62852641 -243.77384986]
  [ 404.98635646  394.80301254   47.33607006 -290.57440917  415.16962854
     54.14533628 -326.14093418  623.29255957  803.90500798  755.69706969
    859.45986355  785.08406985  655.64458238  683.44568978  774.26232962
    568.19294567  379.46226958]]]