[[[ 488.96        358.15915722  283.55732282  121.09939844  619.75981885
    631.3879023   591.25186431  496.71729513  500.90732163  466.7635917
    495.37347642  646.44076788  897.48683498  755.42426992  356.40986046
     93.38548809 -119.9972671 ]
  [   0.          -29.82357245  -47.81204871   29.5109534    29.82315048
     39.26405961  156.09465388  -81.62922157 -216.11439888 -324.73178824
   -348.41885952 -201.2766861  -330.54570316 -418.68978919 -175.52554943
   -166.69034396 -273.67524725]
  [ 266.5272418   274.25060433  -87.19149517 -435.02688429  258.80398662
   -106.83309699 -468.31258346  502.8956187   675.92850873  636.11967389
    728.05663147  689.13648858  856.65786355  853.22137871  648.30138422
    603.18559648  660.46173233]]]