[[[ 374.22        292.61650903  264.69558263  165.29386271  455.82295257
    586.14357383  727.79458777  345.43828351  392.21390417  408.22342766
    452.05320005  470.26980297  586.93897934  598.06835069  297.56789285
    167.37294072  134.55392211]
  [   0.          -64.39009412  -46.7265939   -28.17885176   64.3893602
     56.44011994   79.375455    -33.28037874  -83.35424783 -142.37784952
   -160.7539417   -31.20996838  -36.55958104 -178.75681398 -119.80672205
   -236.97640456 -275.72362157]
  [ 214.12093785  217.40489968 -158.23535345 -555.0963981   210.83700183
   -167.42634052 -540.2203915   468.69730163  693.77253423  667.30913643
    766.48877685  639.34559652  413.42667747  409.94290311  690.15885961
    732.20378833  862.66333596]]]