[[[ 503.6         439.12066184  498.99339464  457.19979135  568.07916813
    598.51194638  555.24668564  510.17000625  570.16076295  570.05354055
    602.28257193  634.69211465  688.98011672  737.33293855  486.84779702
    409.46938758  370.0276125 ]
  [   0.          -56.40245852  -67.3001164   -25.45859771   56.40181824
     77.48779771   97.47443218  -34.37072893  -99.50991367 -157.14059517
   -160.9648067   -46.2988001   -66.17671652 -192.68839614 -132.76250139
   -168.48357711 -185.88147673]
  [ 311.96870247  313.19093258  -45.42261968 -418.97866719  310.74645259
    -48.11726243 -408.28757222  548.13913113  767.89514342  752.88720351
    862.48186355  708.1987933   470.08445442  562.22043041  756.72407269
    609.75407013  640.81002135]]]