[[[ 203.382        81.26727588   57.2526488   -21.96234831  325.49602698
    311.47298231  298.13209429  187.29858786  215.43308214  205.32981055
    227.63069632  330.02405539  367.68551191  315.26782988   78.2073382
   -113.70615099 -110.35442466]
  [   0.          -57.51625366  -35.41038364   60.55044057   57.51563719
     62.18463523  145.17990048  -30.2243705  -153.97928949 -253.57884992
   -287.20012598 -101.66002602  -40.36212817 -108.41050048 -150.45866738
    -87.94279467 -140.54488825]
  [ 437.05331666  444.10040945   33.58223962 -369.13379881  430.0062618
     24.67957557 -382.77421929  693.41848625  887.54957762  858.38636011
    957.42053594  860.63633232  643.18329724  471.24783591  838.75034288
    616.91360419  426.22307352]]]