[[[ 206.439        94.69373408   86.13719327  214.22150653  318.1834168
    381.62053953  508.96735408  180.40046413  162.4600154   174.99385779
    188.44829141  292.59114648  528.69802574  592.47180202   43.53397459
    -60.36762813 -120.88676565]
  [   0.          -24.02544107  -32.22595555   34.46003298   24.02515408
    -50.0161727   -26.19576359  -92.13734429 -253.96198208 -353.64679243
   -378.96468593 -224.61617713 -285.68638138 -435.69258008 -234.48085207
   -220.10335557 -288.11441519]
  [ 389.19095785  390.39047447   38.48997666 -292.56149029  387.99146603
     21.50733829 -339.83571968  612.44166952  766.34101831  721.98784882
    813.46033821  774.63326127  713.79577204  739.43708421  711.55914217
    477.96231011  353.76892859]]]