[[[ 486.12        382.39291669  462.95005852  524.50706055  589.84621399
    610.57647074  645.89438883  468.75471214  442.31076073  421.79105226
    423.06928575  576.21879773  841.56987005  994.28386406  331.16649637
    228.43057409  104.46025708]
  [   0.          -27.42043552  -42.2900377    43.6029882    27.42009221
      1.95553259   41.47261531 -137.6789189  -334.57765221 -435.48765201
   -472.15695013 -300.81461514 -313.34820856 -424.93373985 -307.99166953
   -295.52196846 -338.79245231]
  [ 377.28695785  364.87733817   20.76785094 -275.09046079  389.6964949
     46.27589013 -305.40719967  573.39311707  673.90962452  612.1844366
    706.31936333  704.44387677  672.22532874  505.32854602  608.75445531
    377.79055263  142.1955263 ]]]