[[[ 4.38790000e+02  3.22057398e+02  2.89891846e+02  3.58735729e+02
    5.55521566e+02  5.43274802e+02  6.66814034e+02  4.43589435e+02
    4.45101008e+02  3.87316376e+02  4.03741281e+02  5.80908716e+02
    8.61391550e+02  8.09414165e+02  3.24662683e+02  1.55210976e+02
    1.44467273e+02]
  [ 0.00000000e+00 -8.48567502e-01  1.13746666e+01  1.11210729e+02
    8.48311262e-01 -9.26132891e+00  6.70528798e+01 -8.21744270e+01
   -2.45599954e+02 -3.38655696e+02 -3.79861343e+02 -2.39381573e+02
   -2.45985165e+02 -3.09409366e+02 -1.95501652e+02 -2.01656496e+02
   -2.88487978e+02]
  [ 4.89502097e+02  4.97842582e+02  1.29903937e+02 -2.55055859e+02
    4.81161667e+02  8.40352989e+01 -2.97456906e+02  7.27818451e+02
    8.70471229e+02  8.05111691e+02  8.92468553e+02  8.66842312e+02
    7.77577352e+02  5.03121583e+02  8.41597773e+02  7.18368131e+02
    7.17849156e+02]]]