[[[ 383.03        266.72664751  286.14823123  290.89009024  499.33249055
    508.30056899  487.13348445  422.21070458  517.73138391  446.88600055
    474.24365111  635.06748376  780.72006617  917.11324582  376.70887707
    104.35104208  108.3920113 ]
  [   0.          -38.10615268  -46.31089389   41.80218536   38.1056008
     68.26873758  198.85750962  -69.57575949 -201.04781754 -295.45839791
   -320.51324478 -156.5785888   -94.11377046 -186.31887017 -184.2726633
   -224.26601502 -346.63651207]
  [ 269.50978856  279.20169015 -125.93451119 -518.25154775  259.81792897
   -144.80378191 -487.55706439  522.41698956  692.24852843  643.64581006
    740.76470413  635.83712711  386.8495013   133.94218102  712.98359812
    739.18554252  892.85033632]]]