[[[ 350.577       245.66217197  306.60951357  266.68685413  455.49147988
    422.37914613  373.20911968  274.69528776  233.09137418  211.36517917
    227.00269978  347.5763912   385.92077981  349.23880705  131.19367179
    101.24153856   97.46416999]
  [   0.          -40.19372979  -86.28841314  -35.09873624   40.19327384
    -23.63586934    9.39390364  -49.93187448 -180.54381176 -278.19837267
   -289.51229222 -160.76690745 -205.63448554 -291.76530099 -170.14435591
   -192.38330631 -277.64802255]
  [ 400.6148914   395.55258769   64.47164132 -300.37456918  405.67714581
     74.02230112 -316.35988553  624.95176193  789.29516927  738.47792014
    838.93086355  795.42983022  618.87525245  738.22085001  725.92730723
    445.87261946  563.85287044]]]