[[[ 324.153       210.70068887  257.19747585  290.35259017  437.60435987
    546.78766354  473.29911434  313.31326689  354.92439322  343.35610225
    376.08394697  474.67993287  612.7787897   592.71860806  220.90607392
     31.25377287  -18.41648066]
  [   0.          -48.91306457  -97.55576144  -29.13089863   48.91242435
     34.3046281   131.76314267  -74.13103283 -217.55665606 -323.96779118
   -362.26907373 -173.15146238 -123.40759287 -222.53539634 -209.78912432
   -248.58162874 -359.55340902]
  [ 439.28303423  435.34247486   45.09309458 -325.47441036  443.22355106
     97.8359552  -277.29643208  679.79239369  845.66584772  783.85157259
    878.62744458  815.62578526  604.78528255  353.44830704  827.76245358
    730.65560394  712.84895563]]]