[[[ 391.86        294.97353772  303.6892987   328.96310731  488.74584321
    528.40221438  517.99326906  407.77481818  503.11202717  487.36200656
    550.90896159  586.45048248  624.2541062   637.9667837   383.08224336
    177.56542165  151.41020695]
  [   0.          -38.65910041  -60.21310394   -1.25735093   38.65846327
     14.30527933   88.70092448  -52.1936894  -136.4931187  -216.83677197
   -235.79792437  -97.86412965  -50.21405256 -153.14841198 -141.27607668
   -257.03016482 -371.57675477]
  [-134.42408227 -123.24628187 -495.4269015  -881.38317315 -145.60184494
   -515.47846261 -871.08428435  121.4206617   324.05302381  303.70392817
    394.12502285  243.73451256  -32.64939538 -306.32779223  361.8934781
    572.97486071  835.97986355]]]