[[[ 2.00382000e+02  1.21205574e+02  9.77219906e+01  8.80705502e+01
    2.79558066e+02  2.87258532e+02  2.82839705e+02  2.08298526e+02
    2.93926253e+02  3.11456340e+02  3.65971808e+02  3.51365124e+02
    3.17515857e+02  3.63356635e+02  1.92808553e+02  3.69401374e+01
   -3.16102258e+01]
  [ 0.00000000e+00 -5.95564456e+01 -2.49214645e-01  3.28415533e+01
    5.95558519e+01  1.10278024e+02  1.91554201e+02 -3.31386272e+01
   -1.04221521e+02 -1.64557333e+02 -1.90996913e+02 -4.09922731e+01
    3.71039625e+01 -2.41864409e+01 -1.30484403e+02 -1.57934897e+02
   -2.09966805e+02]
  [ 3.96812448e+02  4.04644273e+02 -2.88712712e+01 -4.47005945e+02
    3.88980662e+02 -3.33939577e+01 -4.11417702e+02  6.52405300e+02
    8.65142923e+02  8.46261683e+02  9.45983393e+02  8.15491154e+02
    5.96827905e+02  4.60411633e+02  8.54976330e+02  8.16198057e+02
    9.06648153e+02]]]