[[[ 482.92        376.89245779  209.04663258  302.1262367   588.94648816
    607.32604808  660.03902849  496.43682878  462.46110834  417.42539544
    427.3180054   578.19723587  691.21549742  648.31620584  359.63477555
    257.11659623  193.42952847]
  [   0.           22.23127361   21.38488987  180.41632827  -22.23105372
   -102.98069467  -90.07418591  -76.205488   -223.90362412 -319.17343677
   -351.7165529  -237.55582356 -281.78273136 -340.29678242 -171.4276677
   -121.23109891 -186.15978549]
  [ 416.8469449   433.90232385  166.98069541 -161.04862361  399.79168772
     45.45579897 -322.25157842  635.84592335  796.50849362  763.98415166
    859.59386355  783.70300061  622.34119272  387.03849886  740.21218328
    492.5253466   267.92811824]]]