[[[ 321.108       193.05950859   99.87654846   78.63358465  449.15562839
    462.11327728  441.85910364  307.11504406  312.59145423  289.35148405
    308.0380399   441.64677181  606.53177567  631.67143519  180.12599597
     16.0506772   -48.23406653]
  [   0.          -34.61185283  -26.7758311    42.29091357   34.61154141
     28.34553965  150.52627126  -36.26801471 -127.48767087 -226.8868448
   -227.30569053 -103.42561802 -216.51411209 -373.542777   -115.48534983
   -220.82281229 -345.95732068]
  [ 162.73682629  171.93333281 -196.74666189 -606.06736241  153.54040495
   -230.07987838 -601.32056481  407.69471868  622.19543074  617.66549572
    704.23792889  616.80778949  719.56281066  834.35006152  593.21896698
    671.54911283  876.8011887 ]]]