[[[ 362.423       261.98769724  277.91704224  163.5463586   462.85751822
    479.34072995  406.1302191   335.00647894  358.33438753  348.83459056
    374.96265787  467.57901424  598.05146806  458.2641258   234.61294167
    -20.06120389  -49.49967258]
  [   0.          -63.39455239  -50.16833757   -5.91327622   63.39383717
     98.35662253  173.60815886  -45.02339523 -156.84894901 -250.10499311
   -274.01878511 -114.79104808 -184.85030087 -288.48844326 -157.36447127
   -193.17689592 -249.31367867]
  [ 394.51246652  396.27351086    4.80118896 -398.85275478  392.75143437
      4.49386576 -395.7964027   641.71323796  838.85422957  809.30325148
    907.4202213   810.35683005  651.00168367  622.02557622  808.96150793
    740.49609468  668.3547324 ]]]