[[[ 350.688       188.55223251  157.4883914     4.79584108  512.82245903
    543.20711467  488.41251767  338.06776023  305.44642073  244.3614895
    238.83431043  484.4800088   789.90576839  965.70572528  139.79243856
   -124.29503253 -327.3903667 ]
  [   0.          -32.38703542  -81.1067681    48.31308219   32.38678868
     21.49184248  211.11590078  -66.93092983 -222.25624407 -354.66589354
   -373.49449367 -189.48113725 -140.086178   -295.16863293 -176.41986797
   -155.82491052 -350.6084051 ]
  [ 404.85413956  399.50814206   28.9666725  -260.79098699  410.20014225
     63.33899525 -247.44436733  639.3020449   806.22589299  765.99769617
    859.54586355  815.40880567  708.47544683  638.33830639  767.55370717
    649.25222713  720.70673927]]]