[[[ 327.159       238.81757733  290.25093554  448.17953032  415.49989199
    404.3874739   627.16338032  415.29566123  563.68478159  501.82403681
    571.55889157  642.22662357  738.78362196  833.47284643  456.76819224
    210.32562277   32.22952841]
  [   0.           -4.2097826    74.49789965  173.09404648    4.20955175
     29.2864433   134.88119103  -55.24527119 -147.89859364 -209.0906143
   -233.0863657  -125.88399817  -76.80112978 -152.48764702 -113.2569017
    -55.27618189 -158.73116957]
  [ 145.91187566  167.47995064 -289.84595219 -672.98930633  124.34396569
   -331.14005688 -677.89661579  386.07571876  555.50425863  533.20258786
    627.50695593  459.36544208  175.66595664  -30.45413748  614.15301725
    772.4835935   946.57349145]]]