[[[ 371.14        267.97856597  295.89502185  287.80594734  474.30071312
    591.09466199  701.59868089  318.34624431  311.69239448  302.81106707
    319.9050268   421.85218435  529.2029064   569.50087501  203.9333859
     91.18331281   71.81587105]
  [   0.          -56.19127907  -68.17296072   31.77930982   56.19064433
     10.73535478   33.90714549  -77.25646642 -219.8607476  -314.75056033
   -359.23641433 -178.38636793 -146.16531924 -217.79431143 -219.93700273
   -205.24422514 -255.37014927]
  [ 404.03695785  394.2327735    37.20951813 -280.62441604  413.84104039
     78.33145783 -281.81655626  634.60648368  780.86167469  712.44100582
    810.7705691   776.34713711  572.80312755  261.48812324  731.82689648
    475.52002557  193.64384609]]]