[[[ 391.69        288.98172556  287.95282066  237.74659994  494.39771451
    585.45761257  716.48221353  363.76300398  382.87215046  357.04631635
    384.36281175  486.7540845   559.71796729  663.05131537  269.12330878
    105.93630347   27.58011859]
  [   0.          -37.57894263 -110.17138115  -74.72684596   37.57861407
    -37.14584956   -3.36271264  -76.66625111 -199.7588912  -291.48659064
   -310.59618642 -165.79598022 -136.02586276 -248.16511518 -190.57658341
   -199.17950925 -307.51262343]
  [ 356.36611028  352.34773442   27.28852398 -285.69694886  360.38448055
     50.79773021 -258.85549176  575.9646031   751.16299565  689.53693937
    791.85986355  729.86827775  501.38961454  483.5930122   728.5359565
    530.46064343  599.21040833]]]