[[[ 279.963       150.45736276  206.53176315  177.11782438  409.4677527
    465.52687391  380.23565096  204.11946445  190.87618348  190.89087001
    213.28045198  335.66236504  639.64914382  873.51551533   46.01729035
   -199.97784462 -241.03183253]
  [   0.          -72.34001079  -72.50625465  -29.57630369   72.33929141
     69.15549464  181.62907372  -37.44168212 -115.90487591 -231.89892188
   -237.86590047  -53.24690385  -17.91499204 -231.01888507 -128.35637624
   -291.63656952 -460.31790982]
  [ 170.09770018  160.76136757 -220.34083393 -617.23119486  179.43397222
   -198.21069708 -564.37596662  415.56966903  620.69036171  590.05005251
    680.00331516  615.5726993   538.46334125  600.4710946   602.26173139
    662.7331679   877.84589503]]]