[[[ 279.912       121.55574121  113.95351768    5.67121019  438.26719629
    544.05710792  595.19149368  265.31962163  262.56538915  187.32503799
    180.09483874  431.61454667  755.14911019 1065.90683579   99.08865361
   -217.78202158 -477.27113   ]
  [   0.          -44.708415    -80.96191219   48.90448154   44.70801935
    -27.17606531  112.33361469  -79.22359755 -205.91296933 -316.40747062
   -326.06359957 -161.12943926 -123.40196775 -286.31232779 -172.64550344
   -168.41473407 -359.81319022]
  [ 309.94326639  309.87559279  -40.85454955 -362.10204767  310.01099259
    -51.85751504 -366.93135225  554.93926923  734.41352323  682.05634297
    776.49916358  740.47668863  715.85970768  719.31705023  717.97803073
    737.8969566   827.21286355]]]