[[[ 341.663       219.68736845  192.93401091  126.29412452  463.63757882
    575.57355894  721.19061258  318.54383768  331.52176615  334.18923553
    365.99519006  458.44924584  599.38008532  636.64465118  196.29559108
      9.14863084 -107.02261236]
  [   0.          -48.98045592  -40.79520531   40.22193807   48.97993194
     36.57870415   94.79595784  -77.7238795  -228.69480927 -330.77324164
   -381.87514251 -185.38706923 -118.80370326 -162.91833062 -216.35060165
   -173.39245516 -208.32857743]
  [ 409.87795785  407.14871706   16.30577774 -331.88358223  412.60717003
     41.14946099 -317.92389213  651.10703306  801.09746458  740.37457149
    833.37272983  794.59169512  592.7432768   286.26334542  757.65117254
    555.66267372  336.28079253]]]