[[[ 509.46        422.64693914  455.05449896  466.64345329  596.27255211
    640.44622834  709.86032751  557.72629     646.87837544  622.54747014
    660.82733177  737.52182764  872.39677392  902.38544781  536.42207366
    399.52179056  411.81989653]
  [   0.          -33.76474225  -42.75652875   32.71720583   33.76434502
     34.25161129   84.31732409  -78.96049316 -193.65757389 -271.14194002
   -290.23086555 -153.6124553  -139.34116659 -239.57638347 -198.17661846
   -296.8581113  -348.69708598]
  [ 320.45849943  324.96405902  -44.72185803 -398.48422877  315.95294877
    -49.97660981 -391.35623673  548.06928064  726.5155284   694.35161193
    790.16257592  674.16597448  474.38410023  289.91137291  735.15214676
    780.75057354  850.82286355]]]