[[[ 394.78        290.67932153  322.62089037  254.84242528  498.87948363
    751.12115948  842.00409431  208.54398622   12.01476978  -13.02423576
    -51.22006311  159.63254825  496.90847027  788.68016069  -75.09570874
   -304.74588696 -474.96985148]
  [   0.          -60.72228627  -82.87853055  -27.38087063   60.72185427
     32.56669661  143.19731032  -82.16045178 -212.93101932 -312.43120782
   -337.71122456 -175.15906798 -175.54009992 -384.40252264 -190.59940494
   -209.73376713 -354.28181899]
  [  17.32661906  -21.59390562 -362.63643354 -670.13852743   56.24692618
   -278.6683079  -628.27590261  195.69517083  305.86666465  258.73053062
    335.06802754  405.67265728  643.05019736  818.46086355  209.15167101
     70.91993413   50.28661513]]]