[[[ 2.74064000e+02  1.43545408e+02  1.92210379e+02  2.30385782e+02
    4.04581702e+02  3.85171984e+02  3.98386271e+02  2.52433359e+02
    2.61758542e+02  2.14410880e+02  2.36735239e+02  4.02824044e+02
    5.73685003e+02  7.08587922e+02  1.18711877e+02 -9.47799095e+01
   -2.64432146e+02]
  [ 0.00000000e+00 -3.97341357e+01 -1.87187731e+01  5.08724238e+01
    3.97336781e+01  5.67850428e+01  1.50148795e+02 -6.49970733e+01
   -2.15183596e+02 -3.17763524e+02 -3.59767501e+02 -1.80414881e+02
   -1.06409317e+02 -1.55138241e+02 -1.85844742e+02 -1.18146355e+02
   -1.57510085e+02]
  [ 4.01686911e+02  4.03564030e+02 -5.38298624e-01 -3.47555906e+02
    3.99809820e+02  3.69025462e+00 -3.32452509e+02  6.50623582e+02
    7.99958450e+02  7.36494051e+02  8.36073918e+02  7.82436086e+02
    5.72401843e+02  2.80748911e+02  7.69935912e+02  5.76218740e+02
    3.61367777e+02]]]