[[[ 244.655        95.02660876  145.47954428  132.10541884  394.28253698
    399.17377623  320.71095391  210.39655029  201.33540701  163.17985607
    168.64967262  361.7496408   639.91524949  936.61273712   41.46809683
   -237.13146298 -454.51843178]
  [   0.          -53.94021     -20.75316549   79.17842093   53.93969192
     62.95427244  224.73722916  -63.65042104 -181.68779578 -296.44044151
   -302.90328595 -127.32758869  -84.60130648 -239.20028536 -160.38095399
   -193.68121969 -375.85226841]
  [ 283.64841608  279.53760361 -130.58088232 -497.87715231  287.75924314
   -116.54904227 -474.26894902  526.89167655  713.34196403  674.99996056
    768.29081137  730.06369823  810.36742376  901.29456839  686.64277833
    755.65906     886.48225445]]]