[[[ 344.543       235.27414416  295.1421152   314.42215341  453.81108686
    484.75153873  468.78225329  342.25431387  383.0852061   368.91379235
    389.91890054  502.00054665  685.39942865  742.80361234  256.21121286
     76.82000089   22.64398841]
  [   0.          -51.39096992  -54.51448795   18.84945981   51.39031972
     53.9052294   114.48866212  -73.01942021 -220.99036118 -316.89326158
   -351.84122406 -165.26521441 -125.00256362 -195.84199003 -220.60028728
   -206.81831106 -245.17925126]
  [ 423.84950095  423.00587492   37.06853392 -349.63894646  424.69310397
     39.54404395 -348.25179978  664.09240717  832.11577058  796.4647704
    896.21844741  802.25076986  623.9055928   374.92170444  804.42733245
    635.70577348  437.52545975]]]