[[[ 153.435        61.67248476   20.0211748   164.19864795  245.19709701
    107.34749999  274.72066126  116.74467178  111.3276322    90.78022507
    117.33936808  218.76103469  401.39160375  369.20654368   13.1282895
    -80.29911284  -73.21040525]
  [   0.            4.0300199    -9.89458492  -22.76757497   -4.03022313
    -64.9583843   -45.13918404  -53.83030123 -177.16360559 -248.75986248
   -256.13193053 -175.14255978 -239.67588221 -345.22879146 -146.16321983
   -167.40070915 -257.30687152]
  [ 322.42290384  324.12710373  -16.51070598 -359.75100494  320.7186858
     16.13142723 -342.26690289  544.81563171  718.51897731  693.4543041
    791.98986355  693.48085854  489.87623667  516.00333648  676.43187086
    448.76240239  494.70129353]]]