[[[ 371.35        258.54716592  286.61594472  323.51824831  484.15208452
    486.76107032  469.14488055  375.80165381  422.61500675  403.6737571
    440.52250988  537.07862057  635.62912286  619.44094978  295.5077108
    129.40796825   80.48183849]
  [   0.          -32.13150285  -35.55998138  104.52797094   32.13098116
      7.1135108    67.10395743  -95.00940963 -256.78460128 -354.16557792
   -399.01403866 -222.26715524 -186.94215691 -252.85962836 -240.33715445
   -201.37016874 -233.61824242]
  [ 438.45107396  443.66300131   56.88209712 -271.33156955  433.23914237
     47.5643394  -321.13790571  672.12510004  812.59336532  752.70292607
    852.20029071  773.94003958  526.56033457  205.20565158  796.91340237
    571.30606961  274.05632781]]]