[[[ 503.58        405.73986001  461.89929177  577.3677956   601.41939007
    640.06642479  703.54526914  525.77806573  574.31286029  536.17758444
    552.09627205  689.85963306  912.27807964 1022.4449373   451.70613596
    184.7321016   170.46879747]
  [   0.          -30.04320875  -61.94838794    6.7119542    30.04282006
    -16.96878521   24.96595052 -115.31329637 -269.49462244 -363.57129565
   -382.2381268  -232.22878809 -278.83285512 -394.69690117 -249.062992
   -305.5287084  -403.15381545]
  [ 380.33395785  377.99992861   43.63516489 -278.98661348  382.66797598
     39.7047488  -312.17110955  593.20288514  744.31310679  698.73447246
    792.98003193  729.31013106  659.4296162   530.8621232   731.99601893
    747.09532705  761.18697132]]]