[[[ 415.18        298.69826108  317.77938485  354.32376007  531.66100794
    549.85796754  534.88797647  412.9537955   442.22430384  430.55134623
    457.63584478  573.37785818  818.05213294  787.58540249  305.78633796
     80.69291444   68.65375115]
  [   0.          -36.46904766  -64.82630246   -4.37021366   36.46864777
    -10.70958276   62.27478348  -77.84332174 -194.43583825 -296.10078039
   -300.95877623 -161.99797043 -280.88657131 -441.17971158 -182.77349792
   -308.44177591 -409.55920637]
  [ 196.02909593  195.41540447 -151.68280296 -519.3358047   196.64279632
   -154.12614827 -529.72093319  425.84476378  614.33594319  599.47842819
    687.65521199  609.46465362  679.94046188  789.8738885   593.70082865
    652.38712724  833.08386355]]]