[[[ 365.284       240.98813064  240.88559599  246.61434115  489.57886938
    461.10964996  446.86997865  367.76778659  404.00614046  356.18789769
    403.66225923  532.09204209  695.19388912  657.48417837  260.21814505
    -53.54555739 -139.07418548]
  [   0.          -14.5673162   -20.95127671   41.71692611   14.56699423
     31.48194914  152.97261415  -52.20263702 -178.41209632 -282.27328538
   -314.37845961 -163.85877359 -120.25322888 -190.39599403 -132.47973267
   -150.66909791 -301.36144631]
  [ 265.43764307  274.89879258 -118.46332959 -500.69387383  255.97655481
   -127.21936047 -481.8846642   509.47229577  689.16814737  646.36896457
    735.80039484  649.51435781  444.18022066  169.91172842  696.24355661
    716.57173362  877.2435169 ]]]