[[[ 462.28        349.96924318  413.6115044   405.43693579  574.58989127
    595.98199997  566.82899384  441.20720837  427.88780668  386.20667402
    394.11571632  560.67788857  757.96719411  896.86447646  304.09986236
    141.91782482  -18.20237581]
  [   0.          -36.87229009  -71.45976743    9.95000548   36.87189219
     30.56467606   99.65265192  -97.48923751 -265.34415599 -370.04395478
   -405.78916424 -228.74471694 -178.96991375 -237.52804062 -240.61892558
   -195.61850425 -243.62000122]
  [ 383.39295785  374.96765629   32.05669084 -276.42929436  391.81820114
     64.78959186 -269.33087418  602.24781299  737.28916026  674.12811303
    774.0839533   738.71654923  589.95876325  335.10786218  694.16513129
    502.70217653  301.99101167]]]