[[[ 341.723       217.48089075  184.40635587   95.46774987  465.96430756
    566.58930384  645.24703323  322.13083145  337.50685522  320.9790346
    330.69798438  468.68553966  676.48018707  765.08246881  202.38896758
     36.2161607    -1.10053434]
  [   0.          -56.99283581  -89.55590407  -32.5486613    56.99234761
      7.00131518   88.36024665  -61.79604614 -168.66088678 -269.27028068
   -276.10527381 -118.52942667 -150.75811537 -334.23643624 -177.67350668
   -300.21552596 -408.84016097]
  [ 294.11117075  294.00379091  -68.63756864 -449.54496355  294.21856028
    -60.87947122 -437.85583951  534.73225545  734.54582063  707.66085811
    798.52696704  727.52865262  657.94644689  775.86900266  705.73603751
    680.11022552  844.95286355]]]