[[[ 297.7235      185.93590443  252.54910365  279.38772917  409.5103914
    440.49456411  463.14363657  264.89217569  261.62240809  231.29909262
    236.84115478  383.43992644  507.10526909  538.55033618  145.77055658
     35.66753193   16.68320742]
  [   0.          -46.66243604  -54.05957142   50.85431838   46.66189953
     12.86937507   62.18446441  -86.62682749 -251.88820973 -350.55959578
   -392.48451371 -213.19783036 -178.57234522 -252.36991178 -241.31145021
   -215.43542193 -259.30094095]
  [ 427.38795785  423.10228046   49.66595732 -299.83336019  431.67358749
     63.29458042 -316.08596551  662.14802631  795.18091778  729.25405967
    825.90688599  789.55668831  584.97362426  278.77014484  744.11104024
    483.97009479  170.83322888]]]