[[[ 450.72        344.29997466  390.76085899  407.49699811  557.13929242
    574.01277415  550.92554557  419.66623959  395.69819952  346.67403202
    346.86929498  524.04961191  740.75403037  914.05658104  279.66336585
     89.39486747  -82.46138069]
  [   0.          -33.13430936  -61.51404422   -5.57429029   33.13397192
     21.97123016   95.58566082  -93.09721802 -242.3139896  -337.69889348
   -358.7755385  -209.55819953 -197.63120476 -321.05640823 -213.04892627
   -177.30419078 -282.58778993]
  [ 383.39295785  375.61293775   33.55254251 -284.14671582  391.17294854
     63.24953328 -273.50913408  602.70798221  754.71803447  695.7033926
    793.75641982  763.18256174  662.67244841  613.71555122  716.53461561
    561.06599735  525.1975525 ]]]