[[[ 362.323       295.69538907  201.1862221   242.15976737  428.95048143
    464.95198857  759.36329469  391.2546185   417.90112275  361.99357902
    406.79400322  490.14927705  545.91879084  563.18583543  335.92763385
    193.95497983   78.73210625]
  [   0.           17.86518153   -3.00116588  112.95945115  -17.86503004
    -16.48169984  102.01633165  -51.69593991 -114.94109523 -175.61916569
   -188.14236652 -138.0726502  -163.3117959  -240.71208306  -73.86693757
    -50.67724136 -135.589628  ]
  [ 100.58947485  111.71452287 -160.92120802 -103.34912445   89.46448096
   -172.97711146  -53.81312453  320.93260478  531.94449368  511.4440032
    612.36386355  499.14065849  274.59855956  316.57999189  520.12538746
    307.60580992  356.95154497]]]