[[[ 444.9         347.43408872  294.93781275  117.28985549  542.3651107
    693.84584337  732.70375384  428.19002372  412.83222704  422.56588189
    407.11839214  535.96648233  805.11296787  735.57997515  316.45860739
    312.27328581  465.47801969]
  [   0.          -60.92388589  -95.13505346   18.99865612   60.92320654
     49.16360161  156.40504141 -115.07166544 -279.32355846 -373.27372862
   -399.6048358  -229.15114312 -353.26234748 -544.15385983 -294.44025091
   -360.32372069 -442.24107491]
  [ 333.9449334   316.03456282  -49.11960169 -335.14150933  351.85515806
     25.81547677 -337.83657983  547.5338956   696.90025282  674.45999762
    762.35687826  721.65945051  765.94618885  836.18186355  619.91694619
    384.33084756  246.53800373]]]