[[[ 321.187       218.55697009  272.51384501  324.77759657  423.81646383
    496.97092321  514.91955849  290.91335526  306.9854745   293.56062707
    306.50225797  416.107092    520.47414275  565.03620156  195.24395691
    101.42446664   64.84800246]
  [   0.          -60.73589584  -51.17114026    6.31463842   60.73528668
     70.30989126  152.62376102  -50.12231706 -175.24533234 -269.08352105
   -299.40765458 -121.76196184  -88.69242722 -195.30855537 -184.67417952
   -152.84202453 -205.71769877]
  [ 428.81638893  425.01158208   34.61364596 -348.55213614  432.62116867
     53.79645386 -311.48258073  669.94019369  855.43030977  813.55447589
    911.99652507  834.96744242  641.40288706  521.25942094  813.86611745
    587.37808918  485.78735185]]]