[[[ 383.          279.60500053  250.34831134  180.98575274  486.39422443
    523.28484004  592.25572788  364.53157922  386.59743817  369.39476485
    386.63514286  493.80589203  614.90311291  767.99975106  274.76584494
    161.23500178   89.3275618 ]
  [   0.          -46.03722498  -20.94868799   72.98062829   46.03670072
     83.43836623  152.42927579  -71.90597113 -213.69988023 -303.46058214
   -347.12544516 -162.66077692  -76.1667547  -120.87879717 -210.59097663
   -167.67801969 -202.14928955]
  [ 402.96591947  402.77032118   12.69556104 -343.55971178  403.16150962
     15.8813329  -337.69461688  645.23068336  813.12553836  764.0463891
    865.48186355  793.79434475  592.3222037   329.32779547  773.68323946
    557.72685261  369.54663744]]]