[[[ 347.689       436.96553242  473.39717329  317.71218398  258.41320196
    366.99710063  355.40205169  269.63238444  242.84314826  319.87418814
    324.77366772  158.99507392   62.4554257   149.92634198  331.31807634
    631.59447483  776.54122954]
  [   0.         -112.08209609  -12.99970879 -136.26174294  112.08093553
    279.01506649  194.60939153  -32.17053258  -39.79547905    2.55343284
    -55.4597222    37.9666528    91.46462462   64.63936296 -151.83544724
   -322.11634326 -218.64188201]
  [ 204.14178861  189.32095591 -233.81539159 -661.5556226   218.9625149
   -191.16875787 -618.909665    458.37343744  687.44370579  694.64708718
    777.06069833  667.47276231  525.53337321  335.73178443  642.63571011
    702.51096151  959.07941121]]]