[[[ 497.8         405.72276439  391.4551966   291.35847661  589.87666379
    585.79787102  570.68897447  480.78367693  497.73496089  475.67077559
    507.15324895  599.66309972  716.69597761  611.39291189  389.9183874
    215.7948628   162.84069805]
  [   0.          -33.25041616  -52.03114057    9.45941803   33.24994848
     30.37452452   69.64160172  -53.24933207 -160.18701265 -241.37720403
   -259.30031968 -137.90361783 -217.33449887 -317.48145718 -148.97434277
   -163.25220598 -236.4069886 ]
  [ 345.26561292  349.50482077   -4.98761265 -347.93111282  341.02641373
     -8.52682402 -385.69543312  576.16992461  771.41903847  739.93067133
    842.05386355  734.04524146  536.20930908  577.01371338  749.11415351
    577.11097212  565.69005411]]]