[[[ 459.41        372.07738786  390.64786069  428.6071324   546.74220601
    593.95973857  554.29653691  489.74501547  560.83854299  535.71593554
    550.33250972  649.2100512   688.38411803  656.90754414  454.16049656
    392.17735502  498.30309464]
  [   0.          -60.11486569 -113.84212636  -39.56717381   60.11432059
     50.83401673   95.00454941  -96.40754361 -250.90972799 -335.32791955
   -374.92305989 -197.95150954 -176.73812313 -290.43041594 -268.82278257
   -304.28773278 -343.88205251]
  [ 377.56795785  375.7149059     7.08915241 -326.82827521  379.42096261
     41.8051741  -300.68399867  603.75992523  743.08548741  681.29120525
    782.30829054  716.55054485  476.38665025  152.59580296  712.81042724
    487.25137197  330.05908017]]]