[[[  -5.581      -113.37488457 -128.14558859   67.43093108  102.21244739
    -60.27401079   41.10347077  -23.88304845  -47.22114136  -85.4212218
    -59.01916751   76.05915234  263.97887299  211.91490106 -159.48882754
   -279.74110142 -344.61170553]
  [   0.           15.56414554   34.28212546   61.02610986  -15.56415959
    -97.69091509  -52.6377108   -38.44530261 -150.44087006 -225.2326726
   -242.40779797 -156.40677457 -140.82443687 -192.67993504  -98.22730004
    -79.40398729 -193.88254912]
  [ 337.28640358  347.02199638  -27.8802872  -377.37578722  327.55088488
    -25.22469484 -427.78336902  574.03368737  755.46613508  733.90996289
    831.8887726   738.36532946  558.80428667  369.54838594  704.83595802
    469.6941267   563.13972476]]]