[[[ 409.5         301.70071038  241.9860938    45.30056166  517.29846304
    653.62603568  712.22595767  409.56935355  437.95245446  428.83620494
    444.82282913  544.15560694  638.32247942  679.40863849  322.1790441
    204.14646276  151.2637445 ]
  [   0.          -53.50929059 -135.70790202  -34.91248801   53.50876205
      5.76155809   59.73111001  -89.52083982 -243.39479442 -335.74905615
   -374.42917479 -190.42410087 -143.01465709 -219.87795405 -248.02991043
   -225.30560128 -262.51712897]
  [ 387.5693287   387.04430673   56.42959564 -266.75555429  388.09433741
     78.64817739 -291.83789559  613.24901502  780.16556194  736.48824505
    836.08886355  754.04838357  532.08126452  271.37961044  739.72380091
    498.74237294  262.33067149]]]