[[[ 421.25        322.22997539  299.3769766   281.07914118  520.26936695
    598.62861187  523.31909889  413.05196498  463.13552948  443.73312401
    490.80623258  559.80564167  656.90090401  634.60077531  344.12142086
    127.75916408   38.46603902]
  [   0.          -46.33498999  -61.3741666    -4.57384426   46.33443378
     65.25524721  165.84324492  -37.94787507 -124.05359669 -212.1738461
   -228.62070294  -85.21853847  -43.26871611 -135.21010575 -122.43198285
   -174.09710531 -275.28547087]
  [ 250.719673    256.28410683 -112.34759521 -488.32499732  245.15524885
    -95.82036237 -448.76026826  502.72657389  715.83278459  698.26882819
    795.32090942  661.24922906  421.10640528  184.76717352  713.67507741
    700.52147304  859.54986355]]]