[[[ 300.714       202.85693211  214.15105332  204.24391864  398.57047627
    482.43825539  502.96909296  280.95111097  314.17490447  320.46632997
    346.25341064  416.18319841  562.11670589  663.60338013  201.99763946
    138.02135512  172.34335714]
  [   0.          -53.59083573  -77.18693395  -22.34186895   53.59030671
     19.23158773   75.38106209  -57.40279239 -161.40508633 -257.78161889
   -271.375919   -103.13191647  -53.40298646 -165.45215236 -185.83442657
   -341.41700687 -405.05944549]
  [ 253.13098175  248.92877487  -90.4784807  -459.38841987  257.33314134
    -83.50193324 -436.67872215  495.16789053  694.09921704  670.10861111
    763.45566865  664.53002433  468.60231164  265.08831195  665.95793856
    675.26873837  815.50986355]]]