[[[ 397.71        283.09670542  316.25964363  326.23780774  512.32237629
    521.30072879  479.96772998  328.67215134  252.65833163  215.42507236
    201.58853723  392.87657445  638.02560871  768.18534499  145.97373654
     61.50608839   38.40983112]
  [   0.          -39.45314187  -25.62124023   80.92424351   39.45266859
     52.22530254  128.96281462  -87.07000419 -259.95438698 -365.49602888
   -408.77134004 -223.9889402  -173.47775011 -235.29186988 -235.94907086
   -206.74505355 -271.04792502]
  [ 424.40095785  412.60269418   44.15808268 -281.10313782  436.1991222
     80.80701964 -288.77764699  646.19540064  765.61873057  707.7984218
    802.6719658   801.57981369  724.32749835  475.96865573  683.92233486
    422.13544131  117.88969807]]]