[[[ 274.033       158.30085364  224.1029246   166.45079462  389.76440647
    386.83193632  347.63753637  260.09241432  278.05820179  268.87107606
    288.08853549  406.90539424  645.9787236   704.6662957   145.87185487
    -90.52529671 -272.43433493]
  [   0.          -43.67090862  -45.89029026   17.94271338   43.67041962
     28.78018089  100.20175096  -82.84632588 -223.11613315 -315.09699308
   -326.90844066 -178.07276194 -241.99909755 -389.77248287 -209.16200781
   -195.49208566 -269.76006252]
  [ 394.07140358  395.4005583    19.28563844 -369.91798371  392.74227636
      2.07961504 -403.76808594  622.38177366  802.33648338  772.14823528
    868.93858959  788.71732475  747.07861629  905.79448952  778.29065963
    673.93093137  633.38463569]]]