[[[ 485.96        378.01522942  447.8841437   480.14249117  593.90407515
    634.85016151  635.01030621  461.56866452  480.61672389  448.73511563
    469.95436175  607.76032504  879.64845565 1069.63488429  355.59177779
    152.43183968   34.92059517]
  [   0.          -47.20434408  -58.20802129  -16.24401763   47.20382172
     41.357755    121.31625836  -74.68958148 -187.22918871 -286.77855982
   -290.24067038 -139.83340616 -149.75685668 -317.10488822 -182.54311767
   -294.23884914 -426.9925968 ]
  [ 179.02310528  171.86984597 -182.81958792 -555.67388631  186.17630258
   -176.75740955 -525.75348014  407.86513626  593.80328673  571.90272979
    662.4694258   579.34155885  495.43803445  449.82313831  580.68225592
    652.91899132  841.99486355]]]