[[[ 424.15        271.03336555  256.12081994  214.9304456   577.26569427
    654.04109614  609.1576134   441.88933813  481.64747741  447.32020327
    457.11215855  646.33311457  954.22638589 1159.14759928  311.19821065
     12.91732517 -199.30065986]
  [   0.          -51.58192289  -92.75847805    2.17296895   51.58141844
     10.88781131  144.59508378  -91.85181939 -222.47539907 -339.57948352
   -346.17665919 -171.01054367 -216.12387491 -405.54617387 -202.76813455
   -233.47209972 -408.64712762]
  [ 169.72273737  172.16796074 -191.31205352 -567.59959334  167.27757461
   -190.06955403 -554.63805259  408.06574932  586.71201754  549.62714639
    643.10645715  588.33752156  717.56546494  859.67086355  578.69215194
    645.55852324  765.92819523]]]