[[[ 424.2         335.63670633  235.64337555  312.3637153   512.76273532
    660.55252239  870.91265984  438.40630122  466.83298119  425.38279205
    447.9821982   560.72561203  625.8754834   667.0319748   363.30509341
    189.39939027  130.81041249]
  [   0.          -10.00999472  -90.60096003  -34.24167272   10.00994417
    -96.36710406  -83.62999389  -79.52885413 -186.2107942  -264.25220727
   -276.16682579 -178.75544482 -230.51496088 -340.08021817 -164.60641722
   -181.4095248  -291.93270296]
  [ 277.39235095  279.38810514   -2.20097536 -220.35156964  275.39664091
     29.44781838 -214.5792674   494.42466495  684.24002043  634.95578178
    735.99686355  654.90912924  441.41745708  561.96769769  668.25850326
    484.86812223  565.67323707]]]