[[[ 4.00600000e+02  3.25150372e+02  3.66101852e+02  2.08564026e+02
    4.76049290e+02  4.71127192e+02  4.23761409e+02  3.69582463e+02
    3.89488832e+02  3.94299900e+02  4.21625261e+02  4.75653396e+02
    5.86483605e+02  4.88449828e+02  2.94544826e+02  1.74014114e+02
    1.13536099e+02]
  [ 0.00000000e+00 -5.93782298e+01 -4.61031870e+01  7.32666060e-01
    5.93775507e+01  1.13755954e+02  1.61000056e+02 -3.60579784e+01
   -1.30523115e+02 -1.98412006e+02 -2.22479825e+02 -8.52465530e+01
   -1.09226397e+02 -2.04179129e+02 -1.42380170e+02 -1.15572101e+02
   -1.35340457e+02]
  [ 3.45963687e+02  3.40902453e+02 -4.38591020e+01 -4.01255935e+02
    3.51024858e+02 -3.44767692e+01 -4.19203610e+02  5.82808883e+02
    7.83239607e+02  7.72531849e+02  8.76029297e+02  7.48744650e+02
    5.30348833e+02  3.95233410e+02  7.37246915e+02  5.27465454e+02
    3.83083741e+02]]]