[[[ 409.43        283.85943657  320.27487235  350.39791111  534.99980696
    549.51653806  513.11504684  392.95629088  417.83359508  399.91653208
    427.86417791  555.2046321   810.9311017  1023.36415353  275.40217616
     17.46404473 -184.26164889]
  [   0.          -43.21473959  -44.420312     20.87270696   43.21424891
     35.40212187  134.93620537  -78.6957129  -200.05547282 -305.25237548
   -316.61889683 -150.64389755 -137.08513913 -301.37905308 -184.1587085
   -193.93426947 -331.10522262]
  [ 388.56542769  386.11914809    7.37673644 -359.54295504  391.01170425
     12.44226046 -344.58038038  623.48418307  806.48906139  764.06365449
    862.55486355  793.77366371  726.05134213  818.22030133  797.85685912
    747.81640495  848.6156273 ]]]