[[[ 327.139       201.87101373  149.9415367    47.83446153  452.40599394
    553.56614393  680.3104404   284.24201908  260.42098691  223.26813426
    236.41627566  397.84476553  605.11720272  738.07359241  129.72505921
    -88.89216961 -288.23028633]
  [   0.          -38.36730875  -51.04598594   13.03489112   38.36695837
     22.91691047  119.46038821  -60.95467891 -195.45747745 -298.19288087
   -327.17102587 -158.82840345  -92.12671462 -191.98302848 -167.63822466
   -133.93298468 -271.00615437]
  [ 383.11143795  376.66120662    9.97120332 -353.85855937  389.56165779
     30.78538893 -325.72842638  620.97042941  796.51571731  757.83947285
    850.78286355  798.60250749  646.56618366  481.42116574  751.064299
    614.5494339   616.39429997]]]