[[[ 491.94        409.70533919  430.60877695  432.21059677  574.17432999
    557.20823317  537.66124986  482.58328998  527.03142007  522.07954251
    554.777013    615.61499527  734.94851816  860.53863768  427.35581204
    317.25080754  245.03665021]
  [   0.          -49.01073301  -44.65905855   -6.22480154   49.01013111
     78.00113234  120.09928413  -52.23437676 -146.35510904 -216.99826066
   -226.93061917  -96.12526266 -106.31762059 -244.90057099 -162.31239541
   -195.62500714 -240.0761585 ]
  [ 375.39704315  377.65408255    3.93138211 -378.59581419  373.13999727
     -1.31396822 -369.66400614  611.64437298  808.69977207  763.15106166
    870.83485734  769.2038665   573.54385517  672.96715299  798.65319695
    657.82867953  720.68588857]]]