[[[ 371.35        260.42818904  277.34925665  219.05128365  482.27097975
    507.41974453  453.90509033  346.58814072  367.4214004   357.93835508
    389.96590184  486.01803995  657.92767447  595.27677167  236.9521906
    -13.59935816  -67.12893178]
  [   0.          -51.03093605  -62.20508124  -17.53075648   51.03036135
     48.70002524  127.43014955  -53.04133294 -164.98508316 -266.00856241
   -282.6439963  -124.89857894 -180.50256207 -314.48870984 -160.105958
   -227.35408518 -338.70857635]
  [ 376.68718272  377.54523501    2.24356966 -392.52625384  375.82913203
      5.21556109 -385.2682252   615.29438347  812.34307974  784.41525668
    880.07143656  786.17019445  643.1010104   615.1782593   791.34034605
    761.37949652  815.52124875]]]