[[[ 327.106       208.78560722   80.58679399   71.88928431  445.42536093
    612.18070334  799.28986496  309.31057531  306.01679503  293.26744859
    300.26189817  439.8532232   734.08074879  928.36608596  184.28584579
     74.20874362   50.96855939]
  [   0.          -25.94187706  -75.34496511   10.5986575    25.94153797
    -59.00591216   19.73886606  -91.03953397 -240.33380581 -345.28443591
   -364.59470815 -200.40141028 -194.66895688 -344.25386707 -228.59442665
   -322.61061256 -451.88680965]
  [ 364.38861794  365.71095235   58.5051684  -310.09147593  363.06628632
     35.70420714 -321.21239343  592.06503711  767.68708426  751.52194441
    835.95386355  767.93835954  710.00066383  584.51631982  720.70235012
    576.27164063  708.99346148]]]