[[[ 4.65290000e+02  3.51762546e+02  3.80302306e+02  3.61899112e+02
    5.78816713e+02  5.59684904e+02  5.49886837e+02  4.23613713e+02
    3.96810291e+02  3.25034621e+02  3.28315666e+02  5.28286958e+02
    6.84037648e+02  8.30831109e+02  2.76361924e+02  1.08594162e+02
    3.57838353e-01]
  [ 0.00000000e+00 -2.46892306e+01 -7.71334173e+01 -1.13876047e+01
    2.46889009e+01  1.36002687e+00  6.43199393e+01 -8.25199500e+01
   -2.34062834e+02 -3.34900188e+02 -3.66432922e+02 -2.12376470e+02
   -1.41683789e+02 -2.12655512e+02 -1.95042428e+02 -1.76342839e+02
   -3.07249617e+02]
  [ 3.80445958e+02  3.72360054e+02  4.29394572e+01 -2.79356986e+02
    3.88531794e+02  6.94147440e+01 -2.71102768e+02  6.00185097e+02
    7.41285768e+02  6.73531495e+02  7.71604273e+02  7.45420088e+02
    5.60080550e+02  3.20292299e+02  7.00908110e+02  5.08702536e+02
    5.64189332e+02]]]