[[[ 362.391       224.407355    289.29702558  324.11063191  500.37383084
    501.99175973  466.20499992  321.13243934  292.39147263  233.64085548
    235.63550968  450.51691599  687.28704847  804.18974017  143.90955191
   -124.75605812 -265.6684623 ]
  [   0.          -39.54472034  -52.03292031    6.46505947   39.54429404
      6.84569767  108.71557468  -66.01364683 -201.22520676 -317.83850284
   -334.78815198 -171.25461561 -171.49360932 -308.85036289 -165.74825762
   -172.33594889 -349.10886002]
  [ 415.13161387  408.7283508    38.22092387 -305.98476887  421.53486837
     61.60334406 -300.1946791   653.27410872  819.36621845  762.82625983
    859.49086355  835.75773079  789.74306224  744.42180686  781.59921629
    667.39393474  785.24126065]]]