[[[ 241.651       148.91686282  176.60708327  197.41980694  334.38477279
    365.08476259  362.94276662  217.00564918  285.58050054  305.67110728
    348.1427299   366.86307863  386.93426528  446.18621844  177.7193609
     87.05657043   96.47850539]
  [   0.          -69.39214542  -50.9778082     5.67295116   69.39127895
     82.97365248  144.40631108  -31.02203112 -117.12190968 -196.04864818
   -228.04599904  -50.4164287    24.12242943  -41.86928214 -150.13393608
   -151.27881844 -170.05834034]
  [ 373.83039529  376.12387156  -36.98215611 -418.95354096  371.5368954
    -29.83584743 -391.77649533  636.0994022   836.85524559  802.18040264
    906.73193626  783.76783269  510.20943276  232.91735404  814.61922254
    563.40942192  457.19965811]]]