[[[ 465.35        368.86769549  421.47639133  489.34615527  561.83192533
    573.41699676  622.32571647  497.03469425  568.30515633  545.26831333
    583.69257987  668.7728347   785.2790534   823.23297992  447.62055759
    225.19098355  127.96040442]
  [   0.          -26.68550997  -55.82903141   -5.42121319   26.68521842
    -19.11310747   23.56593834  -55.8467266  -150.43971673 -229.13652801
   -223.48843928 -121.24309275 -190.33375854 -343.8110932  -140.78062543
   -168.59348838 -266.14694684]
  [ 310.61787479  319.36737584  -15.5626338  -375.53861208  301.8684463
    -48.33998949 -387.29516675  544.1224586   747.58346002  730.65606703
    833.53054454  696.52905539  526.4484037   730.68416652  754.5638715
    716.96901757  838.98086355]]]