[[[ 677.35        610.84455374  888.27652088  671.64600724  743.85480269
    963.93673936  785.58893176  738.8979535   854.36762574  877.54807588
    908.90538291  944.49059439 1173.7040736  1132.96171317  735.11363599
    503.63941448  407.67071203]
  [   0.         -104.29171938 -203.55815603 -101.2702136   104.29088024
     51.17224646   99.5630291  -127.18996582 -265.93916454 -351.35293658
   -375.65000797 -180.55060604 -230.44880999 -410.48525999 -305.23794001
   -340.74290778 -361.31766381]
  [ 347.97795785  326.04891268   46.25562058 -229.18917787  369.90685658
     76.88372657 -250.68305147  545.65798352  665.34935418  631.01087737
    729.10608003  631.6273779   499.41040628  455.84909425  657.21337462
    619.5017777   420.31704904]]]