[[[ 8.83280000e+02  8.16812039e+02  7.36963687e+02  8.54015497e+02
    9.49747284e+02  1.08798514e+03  1.26985662e+03  8.85219327e+02
    8.68792718e+02  8.15756056e+02  8.29243865e+02  9.54193569e+02
    9.48508648e+02  8.20940571e+02  7.90984982e+02  6.74861073e+02
    5.19237922e+02]
  [ 0.00000000e+00  6.49870292e-01 -6.06642867e+01 -5.39965491e+00
   -6.49824178e-01 -6.12929009e+01 -6.97970594e+01 -6.92892340e+01
   -1.66674883e+02 -2.52733898e+02 -2.65674917e+02 -1.94903080e+02
   -4.14380415e+02 -4.77364348e+02 -1.30096085e+02 -9.49063844e+01
   -1.45123216e+02]
  [ 3.21607306e+02  3.24590910e+02  9.19560844e+01 -1.87296679e+02
    3.18623721e+02  9.31429777e+01 -2.20199135e+02  5.29235966e+02
    7.01328062e+02  6.57276931e+02  7.54159179e+02  6.99564408e+02
    7.20557793e+02  8.15503864e+02  6.59682189e+02  4.91333225e+02
    3.42526525e+02]]]