[[[ 486.09        374.18031235  430.61093457  535.14861877  597.99902238
    613.88925524  666.77780332  530.2427676   632.56511595  585.46148745
    628.62744761  749.16856811  919.87545222 1143.63497061  493.59572157
    207.66535112   74.50567781]
  [   0.          -29.53004883  -29.72332973   58.3852865    29.52964151
     35.30157197  141.12250957  -92.40093043 -216.43490817 -312.12424682
   -333.08912534 -175.79783986 -133.32071829 -287.90498395 -194.42833567
   -214.63083994 -365.02086173]
  [ 281.8958641   285.1233191  -112.68059069 -461.71761969  278.66842193
   -113.06617859 -449.04926753  510.1981797   670.56092782  614.02037513
    712.5008038   620.56326051  400.70527505  355.4342983   700.55114425
    707.85910818  862.63786355]]]