[[[ 329.997       236.05850039  266.97167711  289.79583363  423.93501616
    459.79084186  463.6804192   312.30163071  334.76948336  311.66460284
    315.41298016  430.96789282  469.72063306  411.08282486  226.14331216
    110.58563112  154.92178568]
  [   0.          -65.78583763  -32.30843343   17.75858999   65.78525977
     85.35430764  165.00400913  -41.55641404 -148.41970476 -231.56049732
   -247.38599557 -105.26372448 -172.31157241 -269.79120617 -164.27788234
   -237.84779119 -294.79919488]
  [ 416.82084693  416.62774671   14.22185818 -392.38300021  417.01395236
     20.12748414 -371.34898761  671.39283402  877.28573086  850.72095919
    946.78784714  875.9019698   802.72881865  749.59309231  821.39647751
    684.71918787  765.8659223 ]]]