[[[ 359.401       247.45500151  190.56618945  128.81787708  471.34614823
    605.01754719  756.19119997  376.80876125  391.88631968  379.46802301
    382.45595621  511.71467924  695.29995362  788.82981825  275.23519366
    167.99456013  -23.69908822]
  [   0.          -35.80640703  -52.5887842    27.39018489   35.80614918
      1.24863749   59.91948089  -85.70521068 -217.11817691 -302.77075898
   -321.88995609 -178.1336136  -227.61704311 -339.20368798 -208.71699655
   -156.75129655 -170.0448782 ]
  [ 310.2798352   316.83449238  -53.98255582 -403.66189192  303.72527551
    -55.6539811  -412.28594469  536.42071115  717.73732089  700.85334714
    795.88177492  718.01032507  753.31969021  842.04286355  670.43299345
    484.96705866  332.92585742]]]