[[[ 394.63        262.54622688  167.77951162   74.273612    526.71278146
    690.74178446  704.60522803  378.68330121  393.67341544  373.24121211
    383.74239209  530.25443171  773.41453896  841.89137343  253.70964644
     48.34518875  -27.99803604]
  [   0.          -58.84914522  -69.48369579   27.56819936   58.84862902
     33.33243778  190.61158036  -52.33946493 -132.80354822 -237.7159693
   -229.32350627  -83.4524371  -161.40442921 -365.88615051 -137.29642879
   -274.50016618 -429.81033601]
  [   3.19715191    2.08852492 -372.44263352 -752.52837699    4.30580449
   -354.91872112 -722.39098547  251.03086319  469.63333281  471.7962677
    553.46631065  471.89237201  658.659377    840.76315805  444.51223521
    622.39978632  872.6255289 ]]]