[[[ 415.33        319.98853045  410.91610253  346.15143644  510.6709055
    475.11499888  399.29952864  384.33090816  407.29961531  392.23140364
    426.88052548  511.42283361  622.81749833  630.11583408  295.21032977
    145.88427315   81.3872909 ]
  [   0.          -50.75024887  -66.96221469   11.3511021    50.74952463
     41.54209648   69.06003849  -79.62491851 -224.66418877 -312.9194719
   -349.85010958 -179.29063499 -144.26586268 -211.24556134 -220.64005515
   -200.19172087 -221.86249656]
  [ 426.39939383  424.742762     63.41877807 -299.45827081  428.05597287
     56.97416624 -330.04790571  653.60967668  802.85658538  746.6712124
    850.20022169  774.94216623  554.06364521  270.76495574  773.97014036
    545.9063235   312.37130811]]]