[[[ 418.18        323.05898914  296.34275846  239.3901523   513.30048106
    579.39651786  696.16518621  399.02289876  432.8250921   448.70709041
    487.18357007  529.96839887  610.93594375  620.08713106  321.42810943
    192.3076538   228.73871063]
  [   0.          -38.76959234  -97.0505517   -25.65406833   38.76912301
    -27.21454738  -16.30623325  -78.25165915 -212.71035731 -302.49149296
   -329.70033818 -172.34193662 -169.93003191 -294.00827771 -215.5088711
   -240.88148723 -312.00261856]
  [ 380.1951123   379.09327894   37.79436597 -283.89882395  381.2969159
     52.25864268 -293.63147225  598.7708516   767.80441431  711.71621084
    815.49186355  737.25955728  499.23407944  453.32684097  736.70314909
    492.07659933  463.59532061]]]