[[[ 489.06        392.69493028  194.937334     98.97972326  585.42436783
    614.08243121  598.18144165  513.05343838  530.12668366  492.88352451
    512.99611237  628.3916728   738.21560666  534.81027003  425.07035784
    265.52537117  318.64641174]
  [   0.          -12.7641947   -87.31241092   -4.45632874   12.76400623
    -38.29084122   54.57062789  -63.97729109 -170.37871966 -252.93701702
   -261.02778129 -166.54659207 -334.11370313 -405.62054025 -145.55604668
   -186.74342892 -236.99559579]
  [ 298.26855435  314.55610094   45.28631493 -317.61193335  281.98112602
     -9.44529472 -341.49015549  527.7725188   732.16721408  722.48200695
    815.49486355  705.38422553  714.20804156  629.97040062  701.26544083
    625.61253599  493.60865375]]]