[[[ 391.84        300.08640739  313.79022898  313.3237051   483.59302925
    486.87669205  466.0181297   330.85711531  313.67350413  311.85970621
    326.59289146  419.16371499  648.47464488  482.91862259  216.80979672
    111.66139245  189.77710937]
  [   0.          -61.9478734    13.43658896   87.04582222   61.94722701
    132.98843239  234.63352936  -45.88307075 -128.39338544 -215.26779475
   -221.45591141  -88.56285644 -230.56444743 -339.60151671 -142.64277873
   -297.89277037 -331.52822272]
  [ 355.09648203  350.24802355  -50.07470191 -439.46671556  359.94491639
    -46.63748056 -427.12535596  589.06721148  792.64793432  790.56019845
    876.93709828  791.1497757   929.02219759  884.50524752  755.33877651
    866.79719747  901.6652816 ]]]