[[[ 424.16        340.251932    433.77821964  416.9628      508.06748344
    598.51480486  556.27648587  514.0801386   636.93670345  618.51454087
    662.08084264  723.55030107  813.16288232  700.07979568  516.03259247
    260.44472555   96.94694995]
  [   0.          -38.88765571 -112.3310025   -21.88099977   38.8873887
    -12.32666113   34.23439471 -139.64532738 -311.6716452  -386.15176237
   -414.26784176 -265.5477009  -299.18764987 -391.90627856 -298.78294615
   -260.44047796 -295.79755299]
  [ 336.22095785  336.69324375    6.04602863 -336.65783344  335.74871414
      5.41922102 -355.9340223   503.44426859  609.63516733  576.08370154
    672.4971224   569.84693217  379.35477729  383.33010124  606.75127948
    522.50761059  442.09714076]]]