[[[ 3.56538000e+02  2.82308026e+02  2.82250687e+02  2.45170387e+02
    4.30767379e+02  5.96881797e+02  6.45153821e+02  2.68074809e+02
    2.32966066e+02  2.72040470e+02  2.84213713e+02  3.17819267e+02
    4.05646684e+02  4.69510319e+02  1.56194280e+02  1.13802064e+02
    1.49387695e+02]
  [ 0.00000000e+00 -6.33869421e+01 -9.40051300e+01  2.88633291e-01
    6.33862917e+01  1.76473957e+01  4.32872034e+01 -8.57730981e+01
   -2.40875054e+02 -3.27658939e+02 -3.71097434e+02 -1.83833726e+02
   -1.45160274e+02 -2.24576234e+02 -2.58141901e+02 -2.72538921e+02
   -3.29588549e+02]
  [ 3.77530958e+02  3.56579720e+02  3.92450789e+01 -2.67765539e+02
    3.98482033e+02  9.41097387e+01 -2.77298669e+02  5.85495327e+02
    7.19664793e+02  6.63608065e+02  7.63750465e+02  7.37438777e+02
    5.83572001e+02  3.55913141e+02  6.39905447e+02  3.59733148e+02
    7.51714673e+01]]]