[[[ 556.77        450.61863003  546.41697532  605.35576291  662.9205924
    759.36113248  850.67613796  529.48794523  537.42281576  498.00704693
    525.39842042  658.96314055  808.70818736  958.88183078  421.38462509
    263.54104083   66.83970135]
  [   0.          -25.80471451 -103.5753654   -22.92763158   25.80436541
    -28.90213993   21.90916047 -116.5840802  -283.92511376 -386.8978784
   -415.8793008  -259.83000729 -233.28265086 -304.89889996 -253.46931243
   -227.52243488 -299.49478802]
  [ 362.77495785  349.15719689   43.68689058 -235.15527375  376.39262427
     74.7868185  -226.27665699  562.76966175  688.02458986  609.68869682
    707.89541953  675.74563244  491.15194307  229.12063745  667.41962498
    523.92072954  449.41581889]]]