[[[ 489.09        401.03233251  432.81492058  428.76828656  577.14701303
    580.15485013  527.46681518  472.07827975  494.24827767  499.29319682
    523.62388223  602.96640324  862.970411    805.21527239  389.00713939
    244.00047735  296.21231034]
  [   0.          -55.03415443  -57.38744907    1.78713322   55.03338385
     75.8780979   117.27185073  -88.99373753 -217.76073325 -302.95100214
   -334.08083314 -172.16927826 -281.3035896  -419.63095478 -226.40138669
   -302.52094887 -317.92814898]
  [ 447.62539674  446.07965948   78.07281021 -318.38294137  449.17109114
     73.65172914 -328.4677603   679.69434487  845.86356084  802.35962382
    898.81215703  829.83708479  799.99157614  790.24131531  820.34595659
    700.72765678  615.73231452]]]