[[[ 374.25        231.25797965  283.99515205  253.72607216  517.2409664
    576.63686724  643.89795875  363.80974932  403.98775539  370.37226704
    411.80980993  557.32908994  846.78748157 1150.58918119  245.61115053
    -82.5335017  -319.58219613]
  [   0.          -14.05194705  -19.71856395  240.27944749   14.05149631
    -49.5843981   103.98784117 -130.35919249 -302.19971739 -422.61356347
   -455.87784228 -269.60851966 -207.90984217 -313.00189593 -254.0909443
   -229.32583504 -362.06144304]
  [ 377.45595785  377.0484506    22.3730139  -150.44552367  377.86342311
    -19.16387717 -234.91874471  586.49310971  730.22207329  679.83646584
    777.61680866  697.41708085  553.50817085  325.71908138  750.00547396
    716.48644712  704.29297187]]]