[[[ 435.98        344.50682319  374.0519543   392.06880376  527.45268764
    577.14909648  534.79657993  433.37731551  477.74715184  462.47499359
    474.13758617  573.3178937   650.61626654  639.28699738  373.56122088
    328.5180705   453.15392151]
  [   0.          -63.60966656 -120.33505408  -35.40965657   63.60901921
     42.76018422   75.34722022  -94.16333903 -253.06621687 -343.89075562
   -385.75087989 -196.9381719  -182.28012301 -306.92034706 -274.32563995
   -329.92700881 -386.97071522]
  [ 383.42695785  376.60228286    9.76438775 -319.27384359  390.25154058
     59.7215145  -299.09537029  612.44169575  749.68889962  687.57501705
    788.34229772  728.99981792  507.36542072  182.93082685  708.22343708
    470.81081772  245.07689985]]]