[[[ 421.34        318.71020767  311.32012773  244.83519546  523.96901507
    586.76019798  674.59415759  409.52075474  437.53267619  424.91778479
    455.10477918  543.06796324  651.99266405  708.52418155  322.88651
    191.0425607   158.08398828]
  [   0.          -32.1615683   -82.46797063    7.27598147   32.16121056
      1.48553188   43.02945262 -100.73601568 -265.08038265 -361.20401177
   -401.52477958 -226.21098613 -176.84248623 -252.76704137 -251.66688734
   -249.56253897 -334.36467202]
  [ 377.39795785  373.02191223   14.27902206 -300.42290149  381.77395123
     35.26789213 -304.1470468   591.25367092  731.64566208  672.1404631
    770.88913054  710.47200142  492.97714651  238.60344046  699.51728457
    490.49068168  410.15131718]]]