[[[ 394.63        285.08961798  291.85877957  271.40086384  504.16959829
    510.25041853  456.31467093  334.5485224   300.49651969  290.28630642
    307.91109969  429.17395222  659.62208116  577.27069845  184.23485449
     48.36379742   21.12775363]
  [   0.          -41.58984043  -48.02991131    2.18115844   41.58929434
     19.02990884   74.29292251  -69.16392827 -192.16590823 -295.86279189
   -304.32777743 -166.43221558 -310.67887672 -468.96277368 -181.87870393
   -305.20291385 -425.35672668]
  [ 252.76950954  246.1358195  -106.55886023 -462.16775157  259.4031484
    -94.86375284 -487.25622348  471.98868001  648.26261589  628.13087198
    714.79727735  664.14924292  745.02187637  830.23386355  601.08138046
    553.23935025  709.51889456]]]