[[[ 362.323       299.12117393  204.16094571  235.48106997  425.52472273
    472.76935548  755.15529115  397.11344158  417.46382534  354.05154241
    385.21425456  489.49080556  553.42331259  582.19498246  342.32918047
    248.66540082  113.40100847]
  [   0.           11.8966303    -6.26377808  116.95989247  -11.89646146
      1.12528246  123.13205008  -53.71988485 -122.96086648 -181.09939805
   -194.39017166 -143.99883371 -158.97726075 -226.73034782  -83.46833946
    -40.54437046 -108.9512547 ]
  [ 100.06501595  109.11102057 -162.64025368 -112.21297981   91.01906282
   -171.40333179  -58.97463242  326.50078587  534.69934534  513.83353249
    615.37086355  513.52716211  300.02166453  255.4267984   507.58334455
    274.04771801  290.14548884]]]