[[[ 612.62        488.94010826  490.4788584   488.44690125  736.29902727
    706.53562802  655.78026834  595.23157071  619.05096815  587.5445744
    627.62889039  757.97875629 1047.46319279 1224.73797199  475.27739206
    180.00497804   47.17804937]
  [   0.          -34.86780436  -62.18623839    7.24468433   34.86730574
    -14.83924404   30.70600344  -59.33408055 -160.98153122 -271.88507261
   -274.66110411 -123.05634231 -147.54703597 -340.09311671 -145.00944652
   -237.25827963 -398.98350422]
  [ 172.51602569  175.71462844 -118.85659505 -511.37305086  169.3174286
   -165.48973024 -551.92237644  409.73481338  605.10301314  571.74239033
    665.54822046  575.84317633  464.00063828  527.32154987  612.10746558
    682.53651728  862.49986355]]]