[[[ 365.27        235.96319465  223.91247032  169.92600179  494.57577675
    620.24530259  768.24333804  382.72950414  421.62869378  429.14271428
    468.71312929  555.06319276  698.39313564  720.67442767  272.68835796
     70.41514029  -90.84899485]
  [   0.          -45.39172698  -50.57787694   57.6183369    45.39130146
     10.88719703   83.56378133  -88.3396845  -246.19041042 -353.09018394
   -398.96194868 -200.72265079 -128.45237586 -182.89584798 -233.12920306
   -183.46218555 -209.21859957]
  [ 412.80895785  413.90282958   36.12566389 -309.86917545  411.71509767
     40.91222363 -312.87483028  653.31874908  799.21608234  741.73305615
    833.98825025  791.29278122  594.81621418  305.59516155  759.63108695
    570.74355407  372.95945793]]]