[[[ 382.92        316.83971794  351.33124971  399.95490415  448.99992469
    408.19662104  463.13285048  315.51203992  262.14224833  212.64272687
    213.98014226  351.83630098  493.97595537  525.02098823  195.68212598
    101.04190437  -67.40564606]
  [   0.          -11.40742917   51.47986047   72.02126253   11.40720318
     59.74344473   92.49201431  -95.9347776  -228.50821651 -286.14599129
   -316.32377253 -222.04405746 -248.76859071 -325.4199682  -191.43418205
   -152.43864555 -171.43555491]
  [ 469.83309848  462.62257838   73.04276697 -303.7033593   477.04358962
     94.4538686  -321.26390571  678.09684634  813.02565452  758.77577827
    853.09759049  831.19220845  774.35911995  628.31689115  747.50050094
    558.87390431  483.22635366]]]