[[[ 368.335       243.82133157  270.61794319  304.07024126  492.84798398
    505.59026854  499.14392869  369.35888833  395.14886955  369.4813375
    384.43716432  527.4960343   729.55642481  935.74464034  261.61110789
     93.10703215  -86.65494821]
  [   0.          -34.91950432  -20.97868222   86.24093536   34.91914361
     28.87515109  124.43434746  -80.30870085 -216.70128033 -316.4493566
   -331.82343092 -173.30111737 -143.9656153  -282.118104   -198.81630888
   -165.61611733 -269.19888158]
  [ 417.28914426  419.79736583   32.93985736 -316.73805042  414.78096361
     26.53222343 -334.4344935   653.65182431  831.75245284  785.94223776
    886.14663776  815.73661404  696.3219389   708.39287465  813.75131494
    671.15640505  662.41243397]]]