[[[ 344.732       246.26023481  206.3338737   151.23144455  443.20301167
    614.71579969  677.18248983  324.17245062  331.05352367  323.33602058
    328.04150022  440.07762883  659.69214271  647.23488993  226.19130645
    109.22277842   51.33947461]
  [   0.          -57.21255417  -90.66028885  -44.67147009   57.21201288
     29.36526306  123.65937299  -72.85188609 -176.97529821 -260.98939965
   -253.88707574 -129.82023196 -243.19128463 -398.5452043  -187.87234298
   -308.85410886 -409.01548818]
  [ 167.5070161   158.95381654 -195.8161834  -565.34066279  176.06018338
   -147.20873703 -526.00337341  400.76703789  606.44129657  624.00444641
    706.94187498  604.81697539  767.12061619  830.23086355  560.03747723
    639.64181457  733.7014466 ]]]