[[[ 250.522       163.26870811  149.6565084   166.32577594  337.77491921
    355.3749145   433.97206881  251.55877242  296.74708649  261.66924096
    280.77866834  383.18113842  393.8910837   316.37468388  187.92524586
    -38.74678626  -80.3509181 ]
  [   0.          -39.91825581    4.49210028   55.425191     39.91781008
     72.99580102  185.05053978  -16.4050616   -83.13395296 -144.71951897
   -147.60505667  -60.47334341 -124.45098266 -215.20357343  -78.2523197
    -77.15580228 -166.28349648]
  [ 366.86658235  379.94856557  -36.71982063 -453.60244572  353.78469995
    -55.55158255 -416.45042719  628.6748345   863.12751219  848.4555319
    952.10302807  817.36084315  597.22226287  729.36659979  841.75770972
    760.09705703  822.90402808]]]