[[[ 447.69        374.43370668  375.92848861  424.81589345  520.94617216
    545.62550729  590.94570126  464.38645959  521.2490755   474.34282917
    503.50871006  585.85659037  445.68469597  373.08406063  425.39221935
    259.61058654  309.1433352 ]
  [   0.          -24.31508611  -45.50034048  -19.0337717    24.31484064
     -3.2908379    36.65782546  -30.4895409  -115.8066356  -185.82233628
   -179.07713801 -110.63297646 -222.91133468 -262.38583017 -104.87460112
   -138.15176903 -220.28602716]
  [ 271.38034062  285.27062307  -49.9311565  -421.53645506  257.49014203
    -88.44965534 -432.90908378  516.93144403  740.48925318  731.60474658
    835.99286355  686.8518724   503.44566384  716.02144259  726.51916788
    577.32257803  691.52044157]]]