[[[ 474.28        365.02596679  379.3693711   378.18208028  583.53323791
    614.52261449  630.2882894   482.92020398  550.6123293   524.93835702
    598.37202927  659.45855697  784.74145827  702.1350839   416.0043867
    140.93081045   18.39484274]
  [   0.          -21.479341    -51.97961523   -4.59504841   21.47889595
     14.56554194  107.80664001  -46.40243137 -138.32195152 -227.2006265
   -245.19301527 -126.05268541 -114.59662252 -216.25788664 -112.54879764
   -188.49364299 -317.40785642]
  [ -43.0168257   -32.80881404 -394.30430574 -780.5378479   -53.2247939
   -411.5688172  -753.19549435  209.42370315  409.33256879  386.3502217
    472.9684831   343.1797557   100.18211073 -177.86739913  440.54314782
    616.6379097   850.81486355]]]