[[[ 385.91        256.3775817   309.74862922  311.5952595   515.44145441
    519.94526088  490.80861999  343.49596099  317.65216441  289.76427292
    307.19415792  463.81740533  663.72848079  842.55563921  182.22129141
     24.79552097 -148.35059977]
  [   0.          -39.66480937  -39.84955344   50.8124413    39.66430464
     49.89107668  137.85369118  -77.56355741 -238.99293367 -353.78579734
   -394.37076259 -198.87225154 -119.93148789 -180.08858854 -213.48920852
   -159.63790233 -215.85532628]
  [ 427.59695785  420.92509083   39.07345628 -308.20992216  434.26878014
     60.97765133 -301.85226735  658.41037009  800.01305629  732.93275308
    831.97498403  800.89443747  632.96509911  390.53195687  754.37261927
    528.02399071  332.54035348]]]