[[[ 421.19        308.75898579  361.76414664  379.29144208  533.62039876
    540.75990296  527.85689095  422.54210113  480.21017168  417.45334514
    454.12954459  599.14668563  723.28656268  657.53240148  343.98456867
    100.94950122   81.98159652]
  [   0.          -36.5875343   -54.45659038    7.21868454   36.58696528
     28.64761167  109.91948324  -40.67056608 -143.56765859 -231.1517852
   -250.63804409 -124.35530516 -106.93547303 -216.31167813 -124.79840867
   -199.93912129 -318.35866353]
  [ 135.38762846  144.81775126 -239.44714372 -604.91651332  125.95755324
   -247.42339886 -583.93001309  399.07687341  596.37439275  547.17380554
    643.32096918  542.01247756  282.99850326  -16.72054176  617.15226963
    677.28034133  850.76686355]]]