[[[ 273.918       143.53714076  191.86930879  230.64443665  404.2979829
    383.58656684  399.40289839  253.7175062   258.64274979  218.25378542
    238.25376465  400.5239006   573.41591036  670.05402647  116.90113255
    -71.12248722 -200.68059275]
  [   0.          -40.24498489  -24.29843279   54.67532867   40.24453727
     45.81466576  132.43833213  -67.82317762 -223.21704148 -326.7630618
   -369.79001263 -188.39463126 -123.7397762  -176.45776283 -198.39938304
   -139.4151796  -176.70779903]
  [ 401.03295785  401.4180248     4.12594613 -333.92748561  400.6479046
     11.61005708 -323.92875712  648.43765703  794.14500451  732.81098806
    831.45532477  781.8531501   572.7707248   272.77907779  756.2746726
    527.27626123  267.16517354]]]