[[[ 489.06        392.33088471  502.17193375  479.35316688  585.78860271
    635.83534426  592.63207073  414.29712058  375.83568578  366.22648856
    380.41392707  493.07477867  630.09934356  694.29139608  277.84366421
    277.74612637  298.22835288]
  [   0.          -36.11877069 -120.4389013    -8.55533908   36.11828212
    -59.76562251  -52.661946    -79.99781957 -234.90982146 -341.65291785
   -356.85549676 -203.17636047 -186.18526824 -270.70977077 -232.42227913
   -287.26500488 -367.9434687 ]
  [ 362.74395785  346.19773918   68.77758107 -207.28579481  379.29000333
     85.30088012 -256.78299542  554.3773446   684.85254144  626.8704605
    724.69285952  692.79377222  511.26702564  241.42765328  627.93639178
    375.74998735  471.40877921]]]