[[[ 394.76        294.57831878  370.3720979   273.00156193  494.94104332
    644.70308935  666.42122769  416.95314456  473.03690557  447.92112988
    477.42871244  588.75456382  869.4493014   730.01304993  356.0824102
    165.24519776   76.423412  ]
  [   0.          -35.13581057 -119.26356338  -37.0289183    35.13539247
      3.52999531  135.86199061 -112.71225361 -235.85477986 -320.69040001
   -325.25039644 -210.41968664 -352.64738297 -494.01890687 -219.49485265
   -326.07317388 -433.97921736]
  [ -55.63531745  -61.00349467 -382.14526788 -688.11244987  -50.26712583
   -376.89542946 -672.55972824  154.47840274  329.45213812  327.43309056
    409.2816053   299.1884164   349.16598184  480.70576893  332.70326632
    548.65823243  768.42186355]]]