[[[ 2.35888000e+02  2.94625417e+02  2.62979595e+02  2.42320499e+02
    1.77151275e+02  9.89274776e+01  9.89768725e+01  1.93950368e+02
    1.92449746e+02  1.96554897e+02  2.27452649e+02  1.49523382e+02
    1.23037484e+02 -5.75989067e-01  2.26508092e+02  1.41665551e+02
    5.18188812e+01]
  [ 0.00000000e+00 -2.51157747e+01  1.12314220e+02  4.55411679e+01
    2.51153734e+01  1.19713091e+02  4.02785579e+01 -7.44603351e+00
    1.77241237e+01  6.94088092e+01  3.32928459e+01  7.84493429e+00
   -9.07703380e+01 -1.43512202e+02  1.16528524e+01  3.93341807e+01
    1.34029459e+02]
  [ 3.54074903e+02  3.55986081e+02 -5.15079566e+01 -4.59197874e+02
    3.52163762e+02 -5.08835230e+01 -4.83042683e+02  6.05903314e+02
    8.25500398e+02  8.23784408e+02  9.27659586e+02  8.07982152e+02
    6.57862323e+02  4.59085894e+02  7.60505746e+02  5.59496389e+02
    4.22290734e+02]]]