[[[ 209.375        59.28173493  129.50954549   72.35461963  359.46723656
    417.03450389  296.2793006   139.97944834   87.53136178  107.09539632
    120.37049464  264.90483181  628.3880166   906.78985743  -74.42353003
   -343.50927934 -488.85947452]
  [   0.          -53.79902634  -85.13826539   15.85940996   53.7984227
     47.06215415  281.18915628  -82.04849335 -255.00232823 -390.59391342
   -418.47134049 -190.38551243 -105.14377995 -292.32421883 -230.70458575
   -205.74758598 -387.14741146]
  [ 294.15192465  268.56979588 -125.44602847 -439.17764462  319.73391646
    -39.80851177 -358.61910932  521.17225162  667.60488036  613.83641912
    706.50930474  720.82947997  775.85287786  874.29986355  598.25797163
    385.79835233  391.23961581]]]