[[[ 391.87        295.56099364  321.32742033  290.03633944  488.17843018
    480.60682276  468.34311465  362.4743445   383.15179339  371.70342825
    400.81158066  493.5784366   690.53246859  688.35394461  267.22278307
     73.07388961  -10.82113459]
  [   0.          -52.04358153  -34.52427217   -2.60511995   52.04288437
     67.76726384  110.09925847  -52.44904955 -157.89534243 -241.28344146
   -260.49962338 -114.73969592 -178.62640181 -311.1898504  -159.68013447
   -194.94610591 -264.72641005]
  [ 335.19411672  335.45064381  -44.40463612 -413.68689313  334.93758595
    -39.75229654 -420.05345697  579.5218214   773.30090962  745.62873367
    845.79457369  747.42988325  663.00350939  651.37591924  752.42552275
    658.45093103  641.8092828 ]]]