[[[ 238.767       140.10708762  181.34071542  206.56903786  337.42660656
    345.36692181  338.80860198  212.9077815   266.19392135  279.84032575
    320.58157589  359.20218146  401.296214    445.92741808  151.03094138
     30.7986485   -23.48059258]
  [   0.          -65.19437624  -47.82629908   22.15758658   65.19355129
     71.6423326   128.82409923  -40.23445936 -134.99999216 -216.13392568
   -250.88240075  -78.4900622   -14.42662696  -70.95129815 -158.36040843
   -127.31533596 -134.62454494]
  [ 330.829059    332.40549167  -60.38503335 -402.77134778  329.25260682
    -49.62425708 -380.52052678  592.39597185  781.78072071  734.66185877
    842.02186355  741.6964131   481.87177029  185.75676362  756.87256277
    483.86154978  171.12705306]]]