[[[ 179.976        55.62722847  141.43541432  204.90228498  304.32400883
    374.86052126  422.74772518  131.41702396  101.7971287    91.76289844
     96.8108105   245.45460024  489.00184748  521.4188967   -33.16542853
   -217.48414314 -239.88728979]
  [   0.          -55.12474382  -48.12639065   -3.41667645   55.12422322
     24.8373918   128.11327174  -65.40006601 -210.9635375  -327.17328528
   -352.57408834 -166.11895056 -180.00430817 -300.54010559 -198.65057265
   -248.20778787 -403.21554353]
  [ 402.02488395  393.33938541   14.48942295 -358.17042252  410.7103575
     32.52446156 -333.42706203  637.3740896   808.88407729  780.85235119
    868.28230647  836.60697571  862.02773928  748.08694426  745.8138815
    602.43434429  687.37605847]]]