[[[ 3.94920000e+02  2.66840108e+02  2.33598642e+02  1.82522336e+02
    5.22998976e+02  5.88176798e+02  6.34777909e+02  3.62871658e+02
    3.57378997e+02  3.29214913e+02  3.48091905e+02  4.94604386e+02
    7.36923216e+02  9.25186068e+02  2.24071872e+02 -2.69970430e-01
   -1.66828719e+02]
  [ 0.00000000e+00 -3.25279686e+01 -6.49984021e+01  1.85903915e+01
    3.25275871e+01 -6.92542818e+00  9.05104315e+01 -7.17773177e+01
   -1.95365627e+02 -3.00505540e+02 -3.16404973e+02 -1.59921413e+02
   -1.58139860e+02 -3.23510698e+02 -1.73954481e+02 -1.88246846e+02
   -3.24554593e+02]
  [ 4.18619032e+02  4.18672021e+02  6.32757047e+01 -3.09145070e+02
    4.18566069e+02  4.87085807e+01 -3.15871169e+02  6.48380693e+02
    8.30951584e+02  7.77926839e+02  8.74321864e+02  8.23946303e+02
    7.25910785e+02  8.48489805e+02  8.11135031e+02  6.73840142e+02
    7.95798084e+02]]]