[[[ 391.86        286.91640444  298.78849805  331.59787084  496.80293047
    523.40437979  494.51598669  406.53690218  498.7327009   482.65979267
    549.65897942  591.65997509  653.53849688  643.0495193   371.53932709
    167.58806979  140.95226513]
  [   0.          -33.42602327  -70.04927979   -7.44072711   33.42541204
     -3.14677652   70.81611992  -53.81193247 -143.31885927 -229.07713394
   -247.11348799 -110.21437912  -68.65262091 -177.46110967 -143.31730425
   -270.49874077 -380.53210248]
  [-122.66293678 -111.46801419 -473.03205258 -858.68311289 -133.85782622
   -493.44177199 -854.46691296  131.82846202  329.14712849  304.94269245
    394.38713291  249.53260825  -24.42542409 -301.01859528  369.61601282
    579.90709011  835.97986355]]]