[[[ 250.579       136.7841447   200.34482607  222.56002523  364.37325846
    409.21575583  449.95270306  227.66563834  239.01874307  229.73699191
    237.43510525  369.8123698   620.71121356  651.59214946  108.35285398
    -73.58267538  -36.88817573]
  [   0.          -55.71012821  -35.07685038   19.92519014   55.70966037
     33.23874734  117.90743949  -52.83284278 -159.54836994 -257.53075448
   -258.06662563 -112.68626238 -188.38288612 -370.99662744 -166.88160787
   -287.04073037 -384.06356309]
  [ 342.81872099  342.16081021  -40.3564848  -423.66244394  343.47664112
    -39.70392266 -415.78396069  584.49701438  792.32206089  789.15134842
    880.38516493  785.84914858  762.03208842  876.72008687  753.96013698
    674.6871317   812.29361341]]]