[[[ 441.89        339.38070265  246.99552601  230.54370317  544.39846138
    627.68558906  619.13660813  463.00957435  505.08631854  461.88204219
    500.60162466  609.064934    754.96108185  653.69331361  388.4092495
    129.65286598   27.75810179]
  [   0.          -11.15761728  -80.58157051  -28.64447233   11.15743161
    -47.69112424   36.07413645  -67.09545602 -167.67005676 -252.58113343
   -255.52222897 -159.34316004 -268.54596995 -392.64295088 -136.34774357
   -194.92220781 -330.46527678]
  [  69.2334106    82.53498114 -233.5198745  -606.58235599   55.93194674
   -257.11056055 -604.80948007  295.1456906   499.6134978   495.94104554
    586.50479363  445.25465519  342.80682099  514.56529936  508.11174377
    619.49908469  803.74486355]]]