[[[ 277.101       247.83925976  348.17847705  329.31463576  306.36288351
    266.15345307  206.94608476  245.43330369  258.63605873  257.31386426
    278.36009255  299.72957626  287.47287312 -151.76635426  213.21236074
    201.51799085  221.87369815]
  [   0.          -70.77176131  -32.74394705  -14.37331637   70.7708955
     93.1344089    73.93643848  -33.25277824 -113.22193025 -152.19342271
   -179.31485854  -94.52880699 -245.22581633 -268.60773631 -135.30065749
   -162.86320838 -114.15845465]
  [ 397.44794753  392.41624251  -10.79744199 -413.57588714  402.47958872
     -7.57830897 -429.93585545  652.25897219  843.31628951  830.59709253
    926.58680297  841.91856775  702.0861239   590.52446467  769.97412159
    521.30185871  354.90879759]]]