[[[ 4.68380000e+02  3.89993596e+02  4.61434754e+02  5.48719385e+02
    5.46766030e+02  5.68020157e+02  6.30624756e+02  4.85711939e+02
    5.70869439e+02  5.84028556e+02  6.33900820e+02  6.51966110e+02
    7.66041645e+02  8.15046956e+02  4.62994839e+02  2.78562610e+02
    2.48480790e+02]
  [ 0.00000000e+00 -4.20862119e+01 -3.46925136e+01  5.12671226e-01
    4.20856932e+01  9.82345665e+00  1.54032236e+00 -4.99100979e+01
   -1.26521537e+02 -1.96576777e+02 -1.95278713e+02 -7.91160018e+01
   -1.27542976e+02 -2.91039958e+02 -1.46518974e+02 -2.20212567e+02
   -2.83483775e+02]
  [ 3.12353766e+02  3.15276621e+02 -3.66662122e+01 -3.94773290e+02
    3.09430925e+02 -5.51840517e+01 -4.20914277e+02  5.47184597e+02
    7.48426182e+02  7.35145318e+02  8.36031864e+02  6.86116512e+02
    4.53853649e+02  6.44566871e+02  7.53294763e+02  6.65110787e+02
    8.07101845e+02]]]