[[[ 462.39        361.34331292  432.51280573  420.59439128  563.43607064
    591.70450953  558.46660063  438.33151479  438.14816504  411.47021058
    418.05921377  554.28241125  683.09218798  739.62304452  327.32604456
    236.4092209   207.87635514]
  [   0.          -50.12581093 -102.25453684  -13.14686988   50.12525874
     24.57053848   64.61949428 -100.28764253 -274.98676067 -373.61174098
   -412.71887501 -230.99721781 -203.82352358 -283.59672791 -270.21951428
   -273.03306523 -337.4146597 ]
  [ 383.38895785  373.17872498   40.9822387  -269.45340185  393.59908938
     77.45265313 -260.71228539  602.59980825  733.12375518  672.720865
    774.7535258   733.29862665  551.28078124  252.76466666  680.73190196
    437.81104389  177.25336304]]]