[[[ 650.84        536.79048043  509.24077739  465.93583641  764.88890808
    733.14546837  667.40925949  647.50750629  685.17788273  651.77109702
    684.79285557  810.8375207  1030.3471334  1265.33116565  550.81876506
    309.05408117   97.18714053]
  [   0.          -42.68025181  -63.43890166    9.62806254   42.67974262
     52.94818331  116.67115932  -57.9643675  -163.04482752 -261.01787976
   -270.73387425 -113.96416791  -83.07288152 -244.567449   -153.52780601
   -131.33898373 -257.84701502]
  [ 365.63452846  366.67354406   41.05210355 -315.79071853  364.59551344
     31.47745436 -326.33001629  603.04534543  795.2085194   760.02774289
    862.47086355  767.16808108  624.77008762  703.26706761  793.84940822
    671.34261352  784.90544043]]]