[[[ 438.84        347.9289879   336.92357467  318.40941552  529.75024236
    602.51960828  688.96986207  488.13402303  580.73729501  558.20009592
    607.43746798  664.3734642   765.7527882   665.54806946  483.58367434
    418.93428248  426.42407119]
  [   0.          -22.46738905  -10.49374752  128.21279278   22.46697069
     30.30843187   94.27373825  -85.8221844  -218.46550768 -294.19647983
   -333.0742173  -192.85831674 -193.70793617 -269.18460367 -208.35208986
   -223.60634733 -232.98397045]
  [ 457.66463024  473.75652934   75.80898057 -281.7816921   441.57281163
     41.68546815 -321.23290571  685.72018305  828.76269653  783.13818438
    875.34259355  754.88444306  491.54128234  263.23686247  850.38062504
    799.8858588   718.73251613]]]