[[[ 383.01        284.36199324  242.36954402  522.39239817  481.65739082
    421.30620135  386.09609953  402.83293203  456.11404299  439.75517201
    476.93647915  565.39039907  780.70352009  853.91355686  335.06474921
    109.00961121  127.15124361]
  [   0.           -9.18626358    4.58475878   52.43924327    9.18604178
      9.81242521   77.5028713   -66.51317333 -170.20727392 -257.05312873
   -262.74555562 -144.32128843 -209.34731569 -351.95777871 -150.34702189
   -232.84849803 -324.06241095]
  [ 300.60085462  309.55564998  -43.24097512 -381.1349015   291.6461221
    -69.38459507 -454.83027054  534.45223768  732.11377687  722.77681189
    816.41430728  691.54501282  579.18102908  739.81655054  726.89072933
    699.29058847  860.50312516]]]