[[[ 203.339        79.63787084  136.65383396  177.16596591  327.03925137
    326.14692344  394.02557048  182.97294759  152.96855276  127.31625615
    116.43985843  300.5032043   612.35605911  834.41002694   25.20673736
   -106.13707652 -264.56457739]
  [   0.          -33.21076224   -4.8341489    60.94427397   33.21051506
     40.2583288   130.14536184  -99.56270033 -272.81249519 -370.6303977
   -396.15620099 -229.669376   -211.96130072 -357.57837589 -244.72549273
   -204.73164771 -259.0899733 ]
  [ 449.86086199  446.7901075    47.63423645 -335.87290571  452.93165741
     53.58717311 -315.43258597  674.85412213  818.9321789   785.98096214
    873.49636976  843.8676298   852.17013093  841.81402849  752.96541682
    563.02586391  422.20563016]]]