[[[ 300.446       203.88259995  224.72090608   94.20757987  397.00882241
    496.99038928  537.94543491  171.21150553   94.12196775  109.89802169
     90.91796169  221.73457802  516.4451564   730.1871604     1.86617724
     -3.87496738  156.0346338 ]
  [   0.          -78.86169546  -38.37378792   32.66764096   78.860865
    112.80077491  197.05465766  -62.86803375 -187.83208602 -285.92600159
   -307.14390786 -121.9035748  -132.53891752 -328.67168518 -220.68428884
   -339.37562612 -453.60330047]
  [ 403.87295785  381.03160991   -1.17889382 -343.74043747  426.71414104
     52.85293772 -331.10513952  617.83700782  774.02167692  747.12431426
    834.90406709  800.78468719  814.75625049  762.80369664  699.70912944
    484.33387532  510.58206113]]]