[[[ 391.91        314.7736007   264.22220752  154.44221839  469.045893
    592.2492171   719.2554158   395.54029529  493.74239497  537.90845298
    584.60339273  548.49131957  575.38391688  586.69123499  412.09809229
    423.99229285  542.3571865 ]
  [   0.          -80.28518505  -63.98451026   23.85645607   80.28416496
     90.50222542  120.32528548  -52.87802144 -124.94585963 -192.01196083
   -219.39794583  -45.76758936   -6.42165804 -105.4613856  -193.59721781
   -302.48973502 -266.77691397]
  [ 387.62774158  396.93552132  -10.59476914 -398.77828734  378.31997489
    -31.95156062 -406.96843283  643.24236289  834.31117905  811.38048131
    908.56917441  751.05103719  445.4392987   145.0197617   839.52931536
    693.81251829  609.0490621 ]]]