[[[ 324.152        60.24620436  527.39583682  476.2092718   588.05800468
    827.05121384  704.57260567  314.65335576  510.05104574  514.02552496
    593.99224742  763.0353122  1120.4860939  1524.16697923  192.93532699
   -311.38119301 -649.14930347]
  [   0.         -158.88034088 -798.52927595 -528.21731287  158.87860769
   -496.18173561 -333.50326713  -59.17710095 -160.76324506 -366.40599876
   -332.87053941  -44.01789431   88.7373173  -150.20691637 -228.60454691
   -328.56643013 -631.72516092]
  [-113.673333   -133.70295864  670.15386991  396.50344094  -93.64382211
    718.45986355  431.171499    212.41518675  403.23572226  228.27190883
    353.38746279  367.8003426   169.80849223   32.87916859  498.03960463
    449.70521822  691.47450059]]]