[[[ 321.214       207.81797002  226.36970836  294.51068074  434.60919784
    708.9508967   718.41078094  300.8784995   340.19092581  338.0217753
    344.68840668  463.9046216   736.14570475  754.10445489  214.53994767
     47.29773142   73.28332393]
  [   0.          -77.57688444 -161.6795009   -99.59105791   77.57617369
     15.47398475  141.54105186  -60.8172838  -128.06767466 -227.36866111
   -221.78865843  -62.87109984 -149.67024315 -380.0520895  -167.16119703
   -386.86067001 -495.34431968]
  [-130.36383513 -140.77021991 -463.2944411  -809.81554692 -119.95745803
   -396.93288738 -725.84058776  115.7097316   335.04416763  333.20161369
    422.25208929  294.0965481   289.47400624  465.19969646  338.45145536
    601.25490313  812.49786355]]]