[[[ 374.27        273.33945219  328.02231807  368.14008243  475.19984625
    514.22022556  508.98011876  355.55962686  400.41429742  375.97802396
    418.75941044  506.5791141   640.528479    609.32435471  279.94214589
     94.66989893  107.13357582]
  [   0.          -39.88461412  -47.25899757   -4.99583181   39.88400878
     48.30409961  106.76673751  -40.61758141 -133.0479649  -218.87831093
   -239.57985473 -101.60391476  -81.39308184 -167.20975007 -131.84615091
   -237.43620857 -309.2990261 ]
  [ 246.32563464  248.42571663 -131.45407964 -512.26875339  244.22553265
   -127.07343275 -481.23816362  495.3061541   692.89611052  657.88196041
    751.21109097  641.03676268  400.39417608  140.06086916  696.93524411
    736.11223293  854.85738803]]]