[[[ 462.53        376.3908346   404.52669282  539.37256423  548.66877268
    523.73104539  655.72065083  495.21843797  579.19528619  574.42925538
    623.15938238  669.20070805  778.315542    847.70321938  465.70550871
    280.04943757  249.62957052]
  [   0.          -22.50716822  -10.54227344   28.75861208   22.50685761
      4.16379113   31.71647484  -59.42518215 -160.02779985 -236.02099067
   -238.16132842 -127.04502395 -174.73472551 -323.21671442 -157.53614212
   -197.19005154 -269.681541  ]
  [ 340.7041963   349.57472582  -12.08028934 -348.34113227  331.83370531
    -40.46757841 -370.83253224  566.94158933  753.9395678   736.87702447
    836.17886355  703.14716995  492.36156585  669.2125827   755.50338952
    616.44687852  760.51579344]]]