[[[ 156.355        50.39774983   41.37937839  203.37510382  262.3115199
    223.80707276  366.33953059  100.05760472   68.89760592   52.70440837
     66.16596366  198.8071379   421.80421735  491.71740469  -45.36206785
   -152.94724503  -96.221042  ]
  [   0.            2.31224167  -89.38967883 -110.08496941   -2.31227018
   -112.67346439  -93.65786928 -125.00351927 -337.23891343 -444.20923868
   -462.1783202  -324.23211471 -369.13185637 -462.77335646 -297.72497146
   -352.10694995 -520.11696258]
  [ 303.78495785  295.36566527  -10.55544751 -320.03833335  312.20416951
     40.76633855 -301.63048288  485.34308357  573.48028321  537.47524975
    620.27181804  581.34988184  463.06210583  271.00861497  516.99204991
    280.60313846  342.94412735]]]