[[[ 244.693       140.12623338  183.0213295   199.76712771  349.25905749
    447.84066533  550.33335303  206.13055753  199.87601942  198.57358265
    194.55824259  323.35208812  562.49824223  720.47542999   89.32506358
     54.237127     56.1764439 ]
  [   0.          -53.57281633  -28.14157632   46.14593607   53.57230037
     43.28356648  118.79056131  -81.43880987 -234.20736906 -337.10593409
   -357.08462215 -177.64475451 -171.21167824 -315.06589111 -247.17605595
   -329.60201461 -467.72272366]
  [ 388.57139421  378.10476485    0.88655345 -363.5061579   399.03794887
     17.33762451 -341.80162486  618.6673039   787.72877923  770.33300913
    860.12355211  793.04500284  700.38633171  557.63982822  726.29334085
    530.69890586  528.61107395]]]