[[[ 274.19        181.33260262  265.08402701   79.15437213  367.0468277
    524.88798097  605.61266363  155.10063996   92.15246406  112.15121088
     91.87975495  213.72649387  472.21575164  702.39468086   -3.51342035
    -53.41329052  121.43158598]
  [   0.          -86.81526611  -70.26838696   -4.02755351   86.81442425
     97.63190052  182.21662169  -57.15366325 -174.24696725 -272.85357294
   -290.52287504 -100.33868042  -78.68447066 -266.84444556 -216.33853715
   -339.27368089 -460.19545762]
  [ 382.14531519  356.86689146  -17.39463562 -337.47871242  407.42356358
     29.80420339 -320.639568    596.59047705  766.16852319  745.14811324
    836.05586355  785.32715505  735.34121186  630.02168499  691.77492788
    459.13596855  504.82217197]]]