[[[ 300.631       266.83391201  259.03356067  280.90070053  334.42801067
    312.91222268  368.06862205  273.3103679   266.00781373  232.60639278
    227.11981678  316.84526815  458.32642696  516.10255462  231.67798182
    201.14464227   29.4946121 ]
  [   0.          -40.21209905   79.29274679   95.90093156   40.21174664
     94.93403551   97.05977479  -46.21495427 -107.57315017 -118.08787951
   -136.45336883  -79.56982561 -182.22095378 -359.14506374 -112.13462685
   -101.31927662  -97.47259306]
  [ 321.33978432  324.15876478  -87.95823801 -498.39418635  318.52087917
   -108.29899851 -519.29911693  569.81021883  791.02841396  788.19531562
    880.76100222  772.80965985  822.75824195  898.09346099  759.70212676
    879.1731684   951.72490125]]]