[[[ 362.371       217.8589531   273.21606137  253.82708936  506.88197107
    546.2936529   618.72593296  357.02056313  395.83774759  354.74068428
    397.10514416  548.70130547  778.12508549 1012.10607497  238.049065
    -65.45589042 -282.42214657]
  [   0.           -8.26149939  -28.87770424  236.18186847    8.26110585
    -68.33809972   83.95343321 -144.73584975 -345.43752324 -467.76411373
   -510.28630567 -319.89247779 -254.04488974 -333.02277466 -288.18066637
   -233.7402687  -326.89231933]
  [ 359.87795785  359.6822835    10.29372207 -146.37713545  360.07359403
    -29.32553247 -237.91337707  562.2320807   677.48444571  610.57335715
    707.6671581   645.11381003  471.2133283   199.68758229  692.15572821
    608.17422557  481.25087397]]]