[[[ 468.45        366.12724614  417.7890901   450.66987367  570.77201794
    564.30577861  565.7810336   447.0977595   478.16723203  459.05490701
    503.51443544  591.67094542  778.57219066  862.92388667  357.34631887
    173.62227675  117.04617655]
  [   0.          -33.45408464  -20.8008451    32.32377084   33.45353804
     51.874888    117.17631725  -47.26982719 -146.7219013  -239.2882342
   -258.2082324  -112.36860003  -82.59064685 -165.12261171 -140.32757824
   -234.5270678  -321.7990988 ]
  [ 273.18592365  273.72326614 -101.46181487 -487.08960306  272.64854498
   -106.97001277 -482.42087604  517.33735233  712.60098392  678.24812037
    771.74071099  675.48163533  485.38669679  262.39176185  709.39894522
    740.91624981  894.7125267 ]]]