[[[ 435.88        310.71399031  354.64322426  338.9779098   561.04501794
    746.7367813   668.29236582  429.3355983   448.58705377  453.21977311
    467.797286    596.23591789  937.43381629 1175.28533396  304.35273398
     93.36334506  -88.52195585]
  [   0.          -57.81762514 -161.45756855  -60.26339187   57.81695078
      1.76189373  132.65539342 -124.80074233 -293.91419293 -406.0839323
   -432.13962178 -233.76053325 -222.48315057 -407.12136563 -286.12467443
   -323.29781747 -451.91857116]
  [ 383.40895785  368.26196416   34.0826791  -273.96188052  398.55586202
    102.15217607 -228.68553454  603.56227556  748.82642071  690.87114918
    784.51078228  760.93618057  753.4913877   730.25769486  715.59995099
    606.13103009  576.87898767]]]