[[[ 344.845       273.21624025  200.12274715  216.29320024  416.4734565
    469.50298152  741.11569654  346.53373874  386.16928492  358.65029563
    422.39474277  459.46864284  538.32662931  625.09001113  291.82788936
     67.80114813  -19.52917403]
  [   0.            2.59640844  -15.85239581  101.53339842   -2.5964704
      7.46002851  117.54695576  -58.36985963 -126.39913108 -196.91127553
   -215.65877078 -131.52197836 -125.13699365 -212.2927404   -96.42763001
   -126.1878607  -223.19511115]
  [ 105.87420994  111.87306298 -159.43938523 -116.08616816   99.87537213
   -171.03332363  -68.39931476  328.81636251  534.96898537  506.82548478
    606.62886355  495.05395452  277.35127806  268.28892543  542.34978824
    406.99793937  445.4325872 ]]]