[[[ 459.51        338.33106874  382.24738257  407.01791959  580.68801507
    639.28656081  637.66702673  438.9659564   429.95168903  404.12045615
    419.53021864  572.82860639  869.06360638 1041.71324754  295.87150432
     34.84822082 -176.44222992]
  [   0.          -32.79057155  -42.04055049   51.24376929   32.79016267
     13.43023798  122.34558388  -98.04933852 -244.67283336 -351.82975758
   -363.72677037 -207.39513405 -237.63944532 -380.75697204 -214.91154653
   -229.01482204 -363.88371431]
  [ 416.06793126  408.45790538   52.28472298 -286.91798977  423.67790997
     65.62431232 -290.36862129  636.15796089  801.869715    770.10964907
    862.48786355  814.64723821  859.33039372  841.54350642  769.26820131
    745.36749833  782.07668202]]]