[[[ 388.82        291.12906313  306.35903773  300.44251358  486.5103
    483.71828768  465.12923544  325.03263831  308.37338464  307.10488663
    325.70862331  422.60262801  606.36498781  582.19957477  201.63184997
     71.19199999  151.30678994]
  [   0.          -50.3540423   -41.69663748   20.22398116   50.35343264
     58.32645755  133.20467762  -59.19424369 -182.79336636 -277.18557212
   -301.21883433 -143.98749835 -195.7081625  -319.19522267 -187.60752668
   -262.42936042 -333.22378259]
  [ 410.55694664  404.41757027   26.31925585 -340.20254526  416.69626517
     50.14176485 -331.21042362  637.43857379  814.49695601  765.35885954
    864.8374919   804.84353862  630.52137514  683.94516165  773.17382933
    546.75925245  627.76242052]]]