[[[ 279.971       158.56863364  195.08820807  336.4878161   401.37258089
    403.61708296  484.48670974  273.40784305  274.33008964  270.11035119
    284.05804265  414.42418712  687.59093483  738.97291482  146.35669916
     24.54878183 -100.32542237]
  [   0.          -25.46090327    7.38516126   90.95207701   25.46058856
      1.76377496   65.07412641  -78.46358135 -226.07183079 -322.64461437
   -344.09233519 -194.27498682 -256.81169948 -399.06171675 -205.14839931
   -165.8121168  -205.21267852]
  [ 442.36794818  444.82579401   52.44759085 -300.9026028   439.91016303
     41.12372224 -354.38545628  675.83680869  840.54408398  802.59623093
    893.55662718  840.64256684  811.99649654  925.36040446  797.39763304
    570.00085149  454.32219143]]]