[[[ 3.74120000e+02  2.97879334e+02  3.05106995e+02  1.66067209e+02
    4.50360244e+02  6.35785850e+02  6.49932942e+02  3.04054480e+02
    2.81772631e+02  3.41371089e+02  3.28471729e+02  3.78986233e+02
    6.79075913e+02  8.52330170e+02  2.07576339e+02  3.73547554e+02
    5.18835242e+02]
  [ 0.00000000e+00 -1.02529861e+02 -8.69871541e+01  6.44662224e-01
    1.02528842e+02  1.05165484e+02  1.60834297e+02 -6.73862350e+01
   -1.46745206e+02 -2.26993238e+02 -2.35502829e+02 -4.69891674e+01
   -6.25272759e+01 -3.28335866e+02 -2.34518294e+02 -4.89752548e+02
   -5.35267570e+02]
  [ 2.99696874e+02  2.75720823e+02 -9.87812240e+01 -4.37235329e+02
    3.23672724e+02 -4.34731962e+01 -4.23543636e+02  5.35113517e+02
    7.40647841e+02  7.47211440e+02  8.32533187e+02  7.43916683e+02
    7.83990189e+02  8.24327189e+02  6.78355884e+02  6.72720404e+02
    8.38911864e+02]]]