[[[ 400.65        301.67276701  303.1757608   296.60184397  499.62650298
    488.0456104   501.021721    388.58078938  423.08261777  405.14717609
    451.2041918   525.05532375  631.55860226  643.81546451  307.128151
    122.63112737  -65.41795669]
  [   0.          -29.5038706     3.06968962   69.71104378   29.50337704
     64.25930554  117.58623426  -62.8408512  -197.18376037 -279.24489398
   -320.61137141 -163.90224381 -112.76397402 -151.43535991 -176.80940459
   -111.4178073  -111.42573986]
  [ 422.0225165   428.05726463   31.55960584 -339.21686343  415.98779815
     25.00628046 -349.64257323  662.07378637  830.48470379  785.5501548
    885.67808973  785.80883882  555.16450674  288.50432852  816.55010611
    655.19643916  453.90231405]]]