[[[ 435.84        335.3006022   331.80723758  270.51496341  536.37877106
    597.22447348  601.60550292  436.35707551  484.47064476  475.31763329
    524.97976784  594.21697844  854.39164284  747.04515423  365.25269009
    124.8169474   -25.90386656]
  [   0.          -34.81082642  -49.19697281    6.051468     34.81032381
     48.21804447  150.39175092  -60.64349499 -138.34806282 -216.95623729
   -218.87282438 -107.96552919 -211.63835994 -342.01297352 -129.46474422
   -220.30166856 -309.19841754]
  [ -53.14292805  -49.31205295 -405.62823377 -775.63945688  -56.97376436
   -412.92233274 -762.60890867  185.81397006  396.5531375   402.29287234
    487.81730424  351.78082286  374.19254705  452.0440077   407.22214919
    619.67889306  827.27086355]]]