[[[ 156.357        48.41292238   33.02019056  188.90617076  264.3003954
    236.7202827   364.14314778   94.89108022   60.72290496   50.08520807
     63.04300088  190.39314019  414.63904759  504.3278419   -54.74395826
   -176.94009093 -145.01773829]
  [   0.           -9.5818158   -91.1218514  -111.92664593    9.58165759
    -95.59216469  -75.76989459 -109.83080418 -303.7794049  -407.63599026
   -428.38191453 -282.97071791 -316.29808479 -428.31404275 -270.68217657
   -315.30587148 -468.05871424]
  [ 315.62495785  306.72560074    2.79713483 -316.11256546  324.52424877
     52.77598231 -299.86026425  513.58968282  622.96775943  574.07583375
    660.59379552  636.88690243  544.24655512  456.42777448  568.63435073
    330.49619061  391.49568659]]]