[[[ 441.82        333.26897297  339.35570398  273.19544426  550.37047334
    575.21338719  617.31283339  422.23178204  442.08355854  419.43953418
    435.08357615  559.72873282  751.77982749  780.71617639  322.94840038
    163.67100789  131.82771101]
  [   0.          -46.05842758  -16.70342275   63.66539862   46.05800686
     53.24845888  139.37870869  -46.35481044 -124.55501284 -207.9202899
   -195.19697374  -87.81249668 -207.36954159 -379.82393938 -129.27841937
   -271.29601951 -370.93644385]
  [  92.97092391   93.63670217 -283.05475597 -690.39033106   92.3051582
   -302.55282931 -704.22362678  329.49521074  551.86750626  569.22184271
    650.57812901  541.9425244   724.53157164  895.78284471  531.3201746
    698.24057357  946.46455069]]]