[[[ 2.94641000e+02  1.79070266e+02  2.17315041e+02  2.37948434e+02
    4.10210863e+02  3.62447801e+02  4.02018077e+02  2.84968697e+02
    2.82985789e+02  2.44931325e+02  2.44092454e+02  4.14193723e+02
    6.00715228e+02  7.57826777e+02  1.60574345e+02  3.65306342e+01
   -2.60922560e+01]
  [ 0.00000000e+00 -3.21219317e+01 -7.34921915e-01  8.40949934e+01
    3.21215742e+01  4.85036701e+01  1.16148562e+02 -1.01102456e+02
   -2.80436733e+02 -3.77964978e+02 -4.24777950e+02 -2.39819003e+02
   -1.63219527e+02 -2.12481838e+02 -2.54273703e+02 -2.00190283e+02
   -2.34721453e+02]
  [ 4.26124419e+02  4.23443375e+02  2.22722776e+01 -3.32702918e+02
    4.28805446e+02  3.11719080e+01 -3.44822906e+02  6.56476943e+02
    7.69712579e+02  7.00135071e+02  7.93594509e+02  7.78823609e+02
    6.27861975e+02  3.51159677e+02  7.13597864e+02  4.89296784e+02
    2.56392329e+02]]]