[[[ 397.78        332.34329497  202.63529875  368.00352924  463.21664831
    409.87702428  666.09211732  431.5138462   444.92690305  355.72601596
    405.65918082  518.56414394  564.90672693  482.42482049  368.53396105
    232.11273564   97.77236369]
  [   0.           46.31465171   17.76705149  132.01212305  -46.31433591
    -57.74775227   81.71727713  -43.97901686 -106.50012549 -166.03077584
   -173.85935883 -165.2979148  -239.82076061 -298.44109601  -36.26446012
     -5.45379468 -110.99165821]
  [  86.70394938  103.17716718 -139.98912042  -50.54423725   70.23080414
   -165.58603296  -34.38826858  303.89570667  514.6606865   493.58524951
    594.67786355  471.84419875  226.6842783   221.71068684  507.17544434
    285.28446966  345.78902291]]]