[[[ 321.008       191.66159722  264.14185837  255.01782383  450.35357194
    489.32505387  461.53890491  270.54243205  219.01247912  190.7344982
    180.15660433  369.26527936  631.54274518  936.51629031   88.38351611
    -70.85262852 -255.77363381]
  [   0.          -43.23782101  -44.35817045   51.29389488   43.23750296
     25.34496915  119.07034006  -93.04530702 -257.00345641 -365.93196493
   -393.06195043 -208.03200978 -131.36590889 -277.34992358 -230.29758489
   -184.72281989 -290.27069956]
  [ 400.84995785  386.45146984   22.76628708 -297.96003172  415.24838978
     60.84664876 -296.70066211  622.95704601  759.60861209  712.19383796
    805.20307214  801.76065159  799.44087452  834.8277726   688.39892266
    460.19159264  382.46662769]]]