[[[ 583.12        533.97741966  370.91903469  408.28769355  632.26246489
    570.11580717  791.69679819  672.07598782  753.54608038  660.28440404
    729.75921267  808.52134342  867.83546129  729.77774757  686.63742762
    481.22587414  247.32762074]
  [   0.           50.27590977   12.59151731   64.94912728  -50.27562291
   -102.45672693  -89.88107465  -60.99635347 -152.96457024 -182.51255905
   -197.87871144 -200.67234443 -260.40938657 -307.57959958  -74.94894045
     26.80634712   -6.8178771 ]
  [ 285.22083938  315.79526262   78.1561802  -258.77188779  254.6466435
    -39.89571805 -309.99647432  494.93827094  683.39352647  649.71673615
    747.84886355  602.09662887  359.54711767  247.75056828  715.97070554
    745.46426743  733.86331948]]]