[[[ 438.81        336.59763718  333.74131219  268.73559838  541.02171333
    593.69168305  596.96352654  436.81712495  480.79089177  478.61392551
    529.9994716   592.6040586   863.56670782  758.82245626  359.64826197
    120.07358418  -27.02784235]
  [   0.          -34.09897365  -49.68857936    5.75685288   34.09852266
     40.34147091  137.50888034  -62.9231215  -144.19078908 -225.50656056
   -226.99729395 -112.47573496 -213.78561103 -344.72103975 -135.33260169
   -228.76593661 -321.12541395]
  [ -22.13314985  -19.18992441 -374.03733423 -739.05641625  -25.07634532
   -381.51791876 -735.5038924   213.91160191  422.19000319  426.41344005
    510.45711732  385.37857966  416.49460817  496.29510477  426.16178694
    597.85068915  827.24986355]]]