[[[ 497.71        417.57748756  444.11086191  433.23094594  577.84194944
    582.63156841  532.6679652   490.03283512  524.11404537  520.08337191
    550.26341106  623.78433641  871.41475461  752.90154171  426.00731605
    298.97603732  307.09878095]
  [   0.          -52.71421686  -43.35024012    2.95327258   52.71344672
     95.24452027  148.94297762  -71.80889793 -176.03585271 -248.68679756
   -271.48598577 -138.50220034 -261.19140438 -382.85406967 -186.83618798
   -286.71278486 -309.9803471 ]
  [ 404.73789058  408.49359004   24.21634395 -371.99285899  400.9821888
     15.00799498 -369.19775268  646.09522243  833.02949904  801.58790861
    899.47374956  805.06119892  757.45686193  763.00214188  818.61488787
    766.06900514  808.5506744 ]]]