[[[ 300.481       173.31879147  203.59795533  160.72535623  427.64235057
    405.5601586   329.99287584  246.80893827  241.8681463   232.07489555
    258.50887308  378.5904683   666.53193073  892.2092248   101.10167119
   -188.30017585 -390.19044728]
  [   0.          -58.88550796  -42.70482917  -17.79242181   58.88490949
     62.21406386  151.43031648  -50.52533809 -148.08639355 -247.16625222
   -256.7831826   -89.84231507  -72.96445362 -251.21992962 -142.2219644
   -204.4201345  -345.9515099 ]
  [ 237.97223373  234.46203771 -139.51716252 -561.25334827  241.4824416
   -140.50713846 -540.68695558  482.11583779  675.80152242  645.69736745
    737.01493216  668.77434133  658.55224438  785.63684058  660.70481358
    751.36823672  892.50458201]]]