[[[ 512.36        419.87665975  455.17219498  478.42749188  604.84277932
    651.20618994  717.87224728  570.35706824  669.3779519   641.14039754
    690.97678974  761.71450942  852.01925429  801.01252221  551.59078697
    407.45298546  432.92872248]
  [   0.          -26.50761372  -54.75634592   37.60332225   26.50722386
     17.51408424   77.94973366  -77.57078592 -197.27799479 -280.37756222
   -302.91566687 -168.5570419  -158.75847808 -253.78040455 -194.59388513
   -285.45012463 -339.94818811]
  [ 310.44664963  318.3722767   -56.82092802 -403.09952825  302.52104727
    -62.01837986 -398.5417791   541.27521877  706.70752996  670.47338275
    763.99560905  644.98369579  399.28004219  116.39936568  727.34589074
    763.69148858  850.82286355]]]