[[[ 509.6         389.84742097  355.47798762  451.24284133  629.35175018
    677.21287834  708.17972637  517.88172259  542.82376205  506.33117566
    522.63752324  681.89660721  981.29815051 1072.75031777  407.26897303
    152.63782343   68.1808347 ]
  [   0.          -25.35067481  -46.09467413   31.94278978   25.3504104
    -15.20143868   73.81284046  -84.18808947 -195.08207754 -294.27913299
   -297.56726604 -169.05539841 -281.54238876 -476.88190835 -168.577974
   -254.57715143 -395.42390243]
  [ 123.82481232  126.64888767 -217.17893154 -573.14610589  121.00077028
   -231.01646409 -580.378563    351.29631129  538.95077593  514.46962882
    601.49975676  535.30093543  627.78149631  836.16186355  528.8833825
    617.45538219  833.33933682]]]