[[[ 415.41        295.37505169  334.2912354   310.98859628  535.44409145
    569.2334036   500.2323597   364.55471431  326.52305068  308.23771727
    295.94570149  469.99498548  733.19997533  981.68910642  205.47949098
    114.13469824   92.245345  ]
  [   0.          -59.47351405  -72.38589194   19.35502444   59.47285172
     61.58374496  139.4834711   -95.59503996 -274.74902174 -385.88060269
   -426.32438973 -212.22444507 -133.86541406 -237.74624573 -269.8086589
   -244.13755693 -317.83417262]
  [ 398.01995785  380.94323284   25.67927995 -308.09237797  415.09655215
     77.94013034 -289.70384155  624.96443666  747.1805675   694.85006312
    789.88307553  783.1610072   729.2446199   563.13924457  668.7077173
    407.74453767  147.78734117]]]