[[[ 206.46         52.59819472  119.5960642    66.72207603  360.32067606
    407.60641501  293.59898705  136.28442273   76.56684078   85.82444229
     95.24801058  257.71716079  628.32258589  929.95828591  -89.50539269
   -387.65922255 -575.1885513 ]
  [   0.          -53.08125205  -69.27983464   29.98994275   53.08066119
     66.19934544  305.08098607  -76.64395824 -246.99452466 -384.03288941
   -410.82482929 -183.08932674  -85.87225423 -246.5490162  -220.01443291
   -189.03545839 -360.15666484]
  [ 315.42163407  291.85968892 -108.59526985 -434.5720764   338.98345592
    -27.9181213  -351.09660935  543.51017204  692.38103146  641.30878187
    733.57604308  745.17809422  816.61373905  884.49371046  625.65285406
    442.76780893  387.6098633 ]]]