[[[ 2.12335000e+02  1.22425691e+02  1.33319596e+02  1.16090183e+02
    3.02243849e+02  2.72936180e+02  2.41411163e+02  2.05378685e+02
    2.44043177e+02  2.46516060e+02  2.72762121e+02  3.37592746e+02
    4.16470703e+02  3.91494373e+02  1.33927872e+02 -8.91777982e+00
   -3.52235546e+01]
  [ 0.00000000e+00 -4.46159382e+01 -1.19243848e+01  5.37049108e+01
    4.46154178e+01  7.35944941e+01  1.37182505e+02 -6.03598704e+01
   -1.93212821e+02 -2.75102952e+02 -3.10240294e+02 -1.44299678e+02
   -1.11673063e+02 -2.01862128e+02 -1.92049489e+02 -1.52535126e+02
   -1.89097452e+02]
  [ 4.07206162e+02  4.11354573e+02  2.61128060e+00 -3.77730752e+02
    4.03057771e+02 -1.40863146e-01 -3.82622452e+02  6.44566201e+02
    8.23423489e+02  7.89633417e+02  8.91955615e+02  7.94308952e+02
    5.86888679e+02  4.49879929e+02  7.84571267e+02  5.72326966e+02
    4.27204976e+02]]]