[[[ 486.07        375.93845475  427.43533585  509.03668604  596.20079774
    571.80988827  615.03313352  493.74835112  555.08501759  536.5266024
    583.10677362  674.81162279  860.89727791 1077.3175189   421.50433861
    158.95782017  -15.65224043]
  [   0.          -27.1536473   -13.30875507   58.8218233    27.15322563
     26.06729163   95.26862564  -84.78229682 -219.59864275 -317.44739695
   -340.22464932 -177.91456594 -129.43676522 -264.4914317  -196.66461596
   -192.29196578 -313.17904195]
  [ 461.70164559  463.73352905   85.79748736 -289.68484776  459.66976443
     64.9156378  -307.85026525  695.36515705  859.88082542  804.48698162
    901.18091084  824.86857218  626.21298975  589.8687929   866.09125539
    806.30121042  894.77680589]]]