[[[ 229.995       119.36285084  179.13702999  217.50866756  340.62666938
    349.24178906  336.70650627  208.6448404   249.27499203  246.51185103
    277.49339702  360.46176908  436.68899699  458.8764114   120.79998581
    -34.75258897  -59.0401878 ]
  [   0.          -61.26555915  -60.33793467   24.63259856   61.26486487
     45.26975653  111.71579125  -44.9877458  -155.42273844 -249.11100593
   -281.80937143 -105.29379478  -50.14272271 -125.87917989 -165.96147927
   -129.05529547 -163.29833241]
  [ 338.07528544  339.9473351   -41.22819506 -366.38606314  336.20322787
    -33.9445825  -346.5067629   594.47765225  779.52223191  732.10544818
    838.90386355  745.6796276   486.31420142  185.74191104  751.99245704
    497.31796142  177.27704734]]]