[[[ 297.736       188.03824459  249.72876464  274.47489577  407.43306977
    436.0671254   458.26311943  263.26648837  257.61472741  227.44416945
    232.51190694  378.43166287  502.76059369  538.78048102  143.291547
     32.58447023   19.35221761]
  [   0.          -46.24584751  -51.71498156   53.81467948   46.24529613
     16.49855201   69.13638824  -82.74391623 -245.77918051 -343.99305632
   -386.18360481 -207.6000437  -172.27660384 -245.17687662 -234.82225803
   -209.33797902 -255.93563505]
  [ 427.39195785  422.9204411    52.00844791 -296.16072677  431.86342717
     66.69610239 -309.687503    664.38010568  800.28378988  734.71778239
    831.57671022  795.60470276  591.73312354  285.2081765   747.66939441
    487.70409535  177.57101413]]]