[[[ 300.532        42.66375651  468.96952252  420.41034598  558.4005398
    745.17412475  637.74332417  266.93109805  409.56987973  362.8858294
    435.12185787  656.56152046  854.79440201 1011.51524798  103.44184413
   -372.64378805 -611.55819151]
  [   0.         -144.13554606 -834.66512027 -584.09803715  144.13408807
   -572.80877024 -375.7738047   -73.85074557 -201.7443034  -396.8449341
   -360.76555594 -133.57114971  -76.32556024 -266.79561943 -238.75104142
   -367.27277896 -664.32464423]
  [-232.28060958 -251.25007124  640.73328594  375.71370982 -213.31126223
    688.94686355  418.8772597   101.5354022   289.76205243  124.14439078
    243.60966412  256.62949486  -31.97038557 -568.91653813  372.63190436
    319.4736754   661.39920311]]]