[[[ 374.11        262.70540397  213.37646264  184.62244307  485.51364327
    566.69643323  634.25455254  344.0184337   325.25618976  294.19404848
    300.67854582  446.14048085  627.88332066  699.38636081  207.99071369
    -17.54847458  -97.84909898]
  [   0.          -35.90700816   -5.05747518   94.34584299   35.90662879
     42.7373439   136.72906549  -73.48144332 -207.67189138 -304.4642557
   -328.92423862 -175.71310329 -206.00968624 -294.95726233 -184.92809447
   -201.12059551 -311.1753893 ]
  [ 436.55543624  436.96056916   62.29041532 -322.45464307  436.15032314
     48.41557429 -335.59651586  668.19533346  850.71285828  818.1137223
    909.5809521   859.77092339  865.44159571  798.26867445  806.39786983
    737.2583237   715.10111713]]]