[[[ 480.04        400.98312535  594.24541216  445.9907841   559.09641019
    680.70613614  528.64274705  508.04142205  594.7521685   606.09192981
    636.20710533  679.79541262  771.98291497  702.58000226  482.13333931
    321.32136452  245.239018  ]
  [   0.          -83.80180183 -193.73025659 -131.47778122   83.80103785
     12.33652587   17.44151462  -77.11772072 -195.98476271 -271.10063307
   -283.84889296 -129.37800335 -169.0816341  -316.21377582 -228.35488553
   -229.01662284 -254.59745307]
  [ 344.06912185  337.61310706   33.98202519 -288.77881535  350.52508908
     58.01909127 -311.44023669  564.56748843  735.36086407  706.44723214
    812.43686355  681.16631116  434.25231195  475.95518837  721.67468912
    536.08772635  383.89351587]]]