[[[ 486.03        378.35421476  460.78082407  522.87826411  593.70489336
    612.36749989  645.86632236  466.76892226  439.26103604  418.16227649
    424.29015874  577.03420801  838.3247016   987.9681977   322.16501698
    193.50802901   33.31580144]
  [   0.          -23.03191204  -44.50353664   34.95785079   23.03161136
    -11.37274883   29.74508383 -135.02690808 -330.70232321 -435.31606475
   -469.6830777  -299.61825681 -305.64906993 -412.94956658 -298.75559088
   -276.72337761 -313.04591131]
  [ 377.28695785  364.55195517   29.15011123 -266.76651695  390.02189082
     54.84299509 -296.5916668   573.23737487  678.24084342  618.0563507
    711.65209831  706.87130322  676.28225821  516.69617303  616.90993871
    395.88035702  194.92916334]]]