[[[ 388.8         282.74821756  362.02930836  326.47637158  494.85110442
    503.57920165  422.37588285  351.79067345  369.37808958  386.14794946
    423.6949615   490.4341513   742.27309709  933.83983991  238.81080699
     -8.35311424 -240.17218228]
  [   0.          -59.16543065  -58.59922809  -45.98090342   59.16471394
    100.31742555  193.92690263  -87.50634974 -224.66386584 -320.28123644
   -339.83237789 -158.51973744 -129.1978696  -246.52966839 -223.56107461
   -256.62626061 -352.99496045]
  [ 470.61340781  461.84958435   83.34615101 -334.22967807  479.37717382
     96.37480803 -294.27829732  698.12037538  866.02013354  822.73739603
    915.18608545  870.51420533  910.75661122  918.70508588  838.9828326
    835.96407582  867.98641359]]]