[[[ 276.994       147.30104052   81.56041649  -65.21923016  406.68604747
    532.18911016  652.5341319   213.53653805  211.77243868  240.21741529
    256.92127462  353.2228361   684.22262626  934.04887229   69.6525628
   -116.85764298  -99.60985953]
  [   0.          -68.27823366  -71.63942162  -15.16276862   68.27753775
     50.85397122  148.59964814  -76.57999288 -195.55594842 -303.20459484
   -333.24085039 -124.74136844  -74.47405584 -277.87045969 -210.50653359
   -340.56590424 -480.12532137]
  [ 378.61642281  367.99455812  -22.45020022 -405.41125154  389.23824663
     -2.29955265 -384.97641523  625.60050607  807.39800963  763.44327483
    851.41093044  831.25634166  872.56904999  880.29467435  763.82799415
    704.90316457  830.16970854]]]