[[[ 374.26        247.32820891  331.24842124  403.40178086  501.19121162
    541.68811201  556.81353482  419.06470315  510.58722757  472.02713717
    508.04147232  646.60952998  912.24992117  861.57461688  360.5504845
     99.88085847  -30.85168378]
  [   0.          -45.57866316  -28.00476035   52.49999307   45.57819769
     36.7958296   163.51733594  -66.76821745 -151.87013695 -239.92281459
   -235.29173672 -115.37519943 -230.40388141 -405.86224525 -146.26968632
   -234.72703152 -373.8364466 ]
  [ -77.6038517   -67.7284195  -476.43595129 -834.64557084  -87.47916301
   -493.23914196 -828.91287846  165.8328747   364.59540698  338.24148398
    434.40413469  315.88987139  267.86131103  495.93288604  403.51560713
    569.98869928  856.26471914]]]