[[[ 377.14        318.68941676  363.87745837  487.00409535  435.59032224
    386.56325102  463.17494569  337.65993187  327.41801519  289.03261909
    294.60606379  399.31789689  476.78532828  471.13188844  265.97939928
    235.21492441  188.03671197]
  [   0.          -20.20803589    8.30417925   19.77022429   20.2077364
     33.98784857   26.01111559  -92.75122981 -228.39763562 -280.62877994
   -310.25849291 -213.49345613 -239.89338671 -295.56717507 -213.06371612
   -219.37674567 -232.85071812]
  [ 445.86695841  443.40948686   74.8044247  -300.58726249  448.3244035
     83.54696373 -324.16690571  664.70232111  799.85012125  749.31533114
    849.97394887  789.49229808  594.63544535  311.05285955  739.58731728
    498.5741931   245.37543303]]]