[[[ 421.3         312.27873369  317.27685879  303.17608828  530.32063074
    536.7182357   537.41578879  409.73555741  427.32831323  405.56056197
    418.82871409  546.83405122  768.20952125  838.11915593  308.89465353
    166.95615269   63.64777673]
  [   0.          -47.73348478   10.28964742   86.42213709   47.73311053
     98.56796992  212.89587299  -43.49084113 -126.11976477 -208.92613235
   -200.87255802  -86.16082638 -193.33234961 -378.04999021 -127.07404082
   -235.54947144 -350.41248158]
  [ 103.60686443  105.15636477 -294.92002034 -710.26378112  102.05738779
   -309.88181373 -695.33621116  346.64295424  569.22826995  590.41798421
    672.07413923  564.18669772  741.75275558  930.91139313  543.62995334
    703.53436133  968.88964555]]]