[[[ 350.689       206.69527026  287.21912582  276.58662279  494.68167007
    595.10950702  658.75894576  323.65575834  345.57923573  300.4625365
    315.23149139  508.07543817  866.51841018 1219.60169376  191.18839752
    -93.94253362 -300.32302218]
  [   0.          -26.4167911   -25.29378048  211.59477121   26.4163089
    -50.86680924   94.4904329  -129.89172587 -289.65143867 -410.55485788
   -434.70650783 -251.5755224  -213.45419339 -377.3949611  -250.22972553
   -281.4254639  -454.07941897]
  [ 338.27229511  328.91458479  -21.54234184 -225.84782533  347.62993942
    -34.86635893 -293.73468002  548.01588277  696.86257299  644.55757652
    739.33850662  681.52346927  614.2847923   482.36267369  708.41505727
    749.1252196   818.47486355]]]