[[[ 244.578       132.93195204  147.15946557  173.66858303  356.22342379
    376.16032693  386.11972407  254.59764774  287.60648458  254.87443205
    295.62134809  400.77791004  519.0360219   508.4162098   163.20279985
    -18.98094975 -253.4953967 ]
  [   0.          -19.28061544   -5.05854551   59.09840679   19.28040985
     17.57273515  109.32063613  -44.48746628 -166.63512355 -251.28531794
   -275.28115902 -145.7673032   -92.55979131 -142.71468924 -130.32244899
    -56.46322733 -141.19841793]
  [ 331.08108877  340.1976949   -46.36200331 -412.4996923   321.96455486
    -58.82295156 -412.4553051   572.15372754  758.7769144   739.12857825
    836.01486355  718.50581755  496.26519021  270.49706632  735.89527703
    594.54221287  625.85764202]]]