[[[ 409.42        339.51527936  374.32952815  467.17997474  479.32441403
    496.20675234  529.37953046  393.4729751   405.5579226   370.09964899
    372.55221864  483.9940669   535.68682087  559.654179    329.68966165
    295.75146576  266.46601006]
  [   0.          -35.19575143  -13.62661915   63.6300879    35.19540209
     26.00355371   30.82926815  -73.41608207 -210.60676764 -278.14125543
   -310.5778893  -178.37257922 -177.43250247 -246.02074667 -209.90187353
   -207.85275753 -236.90907305]
  [ 421.61227821  420.88298694   68.10346459 -287.77395717  422.34155376
     51.32480203 -334.42257181  653.47173688  813.27108671  767.44205859
    870.05285003  796.86034791  593.69986571  333.85375469  757.02445932
    517.43971037  259.42525835]]]