[[[ 441.89        327.064384    368.37001734  410.99629268  556.71498688
    576.17585968  570.41145474  420.90494921  396.2840204   334.12076128
    329.26847456  531.13181433  714.63963868  911.28353364  274.16437724
    114.48236875  -59.58441156]
  [   0.          -26.99216806  -76.77648604  -16.16263917   26.99196328
    -11.82826278   64.02201373  -88.12423348 -234.09588088 -333.27005016
   -350.79940488 -207.5726825  -182.56743202 -313.92690981 -200.77217647
   -167.87316878 -299.76129268]
  [ 377.51495785  370.22656921   42.28437004 -264.2238718   384.80332777
     69.21100522 -251.52850916  596.57056305  747.16842283  686.47673151
    785.45692822  759.54303064  644.81072671  625.25440064  702.65336219
    503.54749043  546.98904699]]]