[[[ 465.36        369.65638555  265.1299654   241.73621046  561.06288334
    605.45428083  660.92646483  499.62827633  557.04816477  552.00834103
    580.32481519  656.26847315  841.00124153  748.6436966   444.94806718
    258.47649992  365.2500579 ]
  [   0.          -24.71936514   -9.5837589   104.35512102   24.71904823
     38.92184186  121.43123481  -70.79544968 -179.61898274 -262.66875446
   -278.80228686 -149.06940154 -244.94243828 -358.89339947 -178.18463924
   -288.40273468 -321.63113393]
  [ 403.18509302  419.54788864   61.22219087 -328.40563307  386.82239672
      5.48190514 -369.96503594  632.76289745  828.95823732  818.20673953
    910.67012896  787.71212365  698.54938792  685.22926371  819.6164738
    772.16953188  783.60336911]]]