[[[ 297.557       195.2903227   191.59452186  162.62340675  399.82305389
    416.18065703  438.58547623  287.63093341  352.73551313  337.66072283
    391.27074805  445.67563571  497.75245058  504.34819628  230.04962508
     29.15971202  -58.92981675]
  [   0.          -48.98367367  -22.29637445   10.90459035   48.98308056
     62.35125458  136.29911666  -30.48914355 -123.08311903 -201.85136722
   -231.93255993  -80.10056647   -9.23140074  -77.9409708  -123.6620996
   -159.57282345 -246.62938954]
  [ 277.43076798  285.9477027  -121.84051592 -533.53419889  268.91387145
   -130.20142595 -502.62536571  543.41311987  746.73585489  717.34835127
    811.85543608  697.44706855  437.25186803  164.24185826  746.24435059
    733.9946813   913.13796687]]]