[[[ 424.18        353.58330767  205.23979702  391.47802659  494.77643457
    429.5482891   658.53483824  483.50843824  539.65420473  430.09021652
    495.0040289   617.05263387  685.31228444  634.55006332  445.3630767
    144.93315299  -27.27102763]
  [   0.           50.28570987   -1.50033464   92.82593602  -50.28536249
    -50.44687231  109.47258015  -56.11121451 -137.85509671 -196.46760608
   -212.42382439 -199.44496565 -232.94474595 -290.85783712  -47.71256269
     11.97721125 -110.59194685]
  [  81.8321546   104.26174358 -126.21661782  -78.10180428   59.40271797
   -168.32405769  -33.44823715  306.63284651  512.73448151  492.2200896
    588.87286355  450.55582931  208.59675246  -62.29239157  546.66550713
    548.72423452  581.68493317]]]