[[[ 485.86        374.48873181  308.99111357  232.37735586  597.23067199
    589.89529509  612.49433836  467.23422618  453.77234241  389.45195552
    400.03088666  572.80193802  672.9072416   744.75469806  339.58191084
    218.5520956   121.03708702]
  [   0.          -16.16219743 -114.95919334  -60.84103878   16.16201525
    -47.45673816   -4.09733833  -82.85306644 -222.39654233 -313.9204957
   -336.28696816 -209.24256432 -199.36011116 -304.81454577 -189.72934276
   -174.04121801 -276.58173008]
  [ 359.78795785  361.45471938   61.49161035 -260.41544959  358.12121933
     55.90488199 -268.80476874  574.6030053   730.44521847  654.63258741
    757.08392604  721.25057481  514.79584887  511.67951715  699.55119583
    468.79640789  530.27431333]]]