[[[ 435.87        317.36943891  350.52286145  379.63175275  554.36985818
    573.53076059  547.8730998   426.95046615  485.83109446  482.22032264
    534.98215246  610.41051932  874.86979424 1087.75378365  346.30871017
    109.56708542  -82.71222434]
  [   0.          -52.67007106   -5.14241732   53.33310785   52.66949985
     82.65829507  184.1221177   -49.83514151 -126.26440723 -222.1363686
   -230.12420115  -69.94339664  -26.53168184 -184.72084914 -132.21281506
   -241.76790553 -392.19475425]
  [-115.31597313 -113.12036797 -509.35348029 -913.40744772 -117.51155907
   -519.14670969 -895.24726285  144.2379131   357.55736031  339.1470868
    430.85873678  316.88098493  201.20098962  144.27508957  378.02669806
    606.68936394  920.86447459]]]