[[[ 483.01        382.52971456  437.24719247  481.65661592  583.48959964
    577.07901626  577.89004526  473.0003792   521.84531441  506.36104823
    555.93688044  629.20499898  792.90841161  877.09552998  399.35750375
    199.6942648   137.56090499]
  [   0.          -32.04810048  -22.40266103   38.44837451   32.0475836
     38.35887696   92.54278083  -49.67094369 -146.30550449 -236.66440362
   -253.74094366 -109.44844625  -74.01556965 -164.65817856 -142.68131553
   -233.75842676 -321.63718809]
  [ 257.17355753  258.91264366 -112.5936217  -487.72771906  255.43444208
   -121.42155393 -490.38599883  499.35947262  699.99209672  671.10182707
    766.78228116  653.86093106  452.78513781  248.79712383  702.78841916
    736.94891416  883.00386355]]]