[[[ 380.07        287.31737082  316.17288894  241.35556054  472.8221063
    497.57634134  489.08433484  312.6461195   301.72993047  310.6569212
    325.14975425  407.97623445  543.36776876  602.8987029   197.13096877
     76.90556553  157.32113645]
  [   0.          -60.93697716  -47.82161948   24.61809357   60.93634957
     82.16480376  155.60203481  -58.66712389 -184.60561051 -277.03714581
   -305.37349503 -130.75888349 -120.31962093 -251.44434144 -197.64121256
   -238.89675661 -313.98217626]
  [ 417.03967999  405.56667656   20.23971634 -339.96384249  428.51259655
     52.33984132 -327.41432192  642.96003621  817.65764147  770.19967282
    871.00852248  811.63180073  622.65934956  613.14854604  765.98106163
    514.08404101  546.11017523]]]