[[[ 359.465       248.11363611  259.70041954  325.13556825  470.81562261
    488.5475956   532.13738987  370.74396747  390.97026996  361.10118571
    372.40300561  517.69725484  752.16572222  892.8895504   267.7773312
     67.50620239 -107.41578882]
  [   0.          -20.93372715    4.40011385   90.89337827   20.93350985
     25.2303804   113.73715994  -86.2110207  -222.65720169 -313.13496681
   -328.20214887 -192.09338392 -211.83115735 -343.71814949 -193.39602671
   -174.31490194 -264.24943971]
  [ 427.25996962  431.35179031   46.94109263 -326.83864246  423.16820848
     31.46966483 -344.27402685  656.72461063  836.94908535  809.15662444
    905.91399647  825.25916756  766.57035516  735.07684404  811.24809487
    738.18606151  742.63859097]]]