[[[ 279.913       195.3978836   223.66908085  271.00242347  364.42756797
    340.82991036  362.44669472  251.80184774  196.23409986  121.32432268
    111.84618334  298.90143999  455.91765993  509.48194042  122.30538305
     79.66586181  -98.76148134]
  [   0.            1.81857397   39.95403914   83.43008044   -1.81843851
     13.21058181   54.03849053  -58.04291135 -176.36721094 -233.23085274
   -247.21121302 -178.72326006 -180.91199579 -205.55149668 -125.39893403
    -26.73249219  -39.85288143]
  [ 357.10724361  366.00607476    3.18241751 -375.17798764  348.20851837
    -14.17765618 -406.69132454  585.95573246  758.67513817  744.54825481
    845.28956815  731.68648443  542.29998824  300.01042562  704.81226932
    491.40309375  359.39524629]]]