[[[ 421.35        310.94194589  265.39056188   95.57624462  531.75697504
    685.91051034  734.82960142  392.050044    335.58845415  332.88536657
    315.76917043  477.06985334  787.27809896  762.95843105  229.49766981
    155.13040614  129.03384308]
  [   0.          -41.17443965  -98.84007422    1.65903776   41.17393915
     19.884535    146.02088475 -125.50689165 -303.9515734  -406.63159046
   -432.90492721 -272.14710729 -370.83318583 -522.90254    -284.81257254
   -283.73596406 -381.65032684]
  [ 326.50468557  307.34351034  -53.51988398 -332.70195534  345.66572407
     29.09163111 -332.27819673  527.97474773  659.74282716  629.8413292
    714.09423685  700.31753603  765.87637712  836.18186355  578.86994248
    356.45555773  238.34426062]]]