[[[ 409.42        313.36781597  327.97475667  309.76308602  505.47149052
    499.42644763  505.27853495  401.55972088  448.23039623  429.75647245
    482.1191495   544.9508244   636.0433206   642.73150415  331.92732411
    122.90182327 -101.13739767]
  [   0.          -31.95138225    2.68828384   63.92032053   31.95087888
     71.84298129  126.03869597  -54.35905058 -181.09325625 -259.09580611
   -298.15242125 -146.21947831  -89.15670734 -127.58916428 -161.22765976
    -93.46893409 -108.92989782]
  [ 402.77050962  408.9667756    12.75376896 -365.25678655  396.57427312
      4.43048191 -369.04987911  647.61683519  825.01493458  786.71254565
    885.76138873  775.46494296  539.65920037  280.60196128  818.3017045
    702.62245381  564.20950583]]]