[[[ 624.28        541.15830396  558.67156919  596.87672272  707.40114897
    746.01586224  828.74935616  643.19151489  666.98699841  635.62719595
    665.15180295  765.52852071  873.3986004   872.11980428  566.74537099
    404.03395191  212.24664798]
  [   0.          -13.73996995  -70.75971971  -18.35799845   13.73981688
    -29.3442805    -3.98746519  -90.01498046 -221.01299713 -298.69939891
   -312.69876837 -207.69984141 -273.13145885 -373.28032589 -192.65074427
   -161.50928265 -201.80389828]
  [ 380.39795785  381.72695911   77.36405456 -253.80138735  379.06896608
     73.2295003  -260.9928997   585.78389572  750.59696998  703.1474331
    804.81847865  723.87564035  546.72209643  608.07562603  729.42132382
    573.42171956  542.53432445]]]