[[[ 391.82        271.1500937   292.1488909   336.12074921  512.48911181
    503.79710477  475.95031795  349.43785151  303.05116743  229.31928756
    223.40870261  440.61617634  603.7079638   755.05660846  181.79244152
      8.130779   -194.07039179]
  [   0.          -18.61426144  -36.95583283   27.10666616   18.61408453
    -22.12521492   26.52981693  -91.56710567 -243.95154331 -342.56296625
   -364.63494614 -227.43686794 -220.48000617 -338.41773295 -196.67902375
   -142.47144815 -264.97685142]
  [ 395.15595785  393.35512251   36.99126401 -304.96851869  396.95681568
     47.12611582 -330.36758859  606.55927502  751.02045687  686.08100725
    785.44535246  760.58494736  658.31809021  695.14981935  707.38858655
    519.32964432  505.67196067]]]