[[[ 350.552       267.01773834  341.73696252  161.97616705  434.08543505
    691.72240498  663.28406414  237.21882205  160.3506036   195.51522868
    193.91413689  273.06265168  472.25350338  563.83405303   72.21017385
    -20.95289248  -96.23754701]
  [   0.          -74.51940825 -147.12869379  -47.17199492   74.51855967
     39.12185067  135.14854479  -96.92097536 -257.46164975 -353.27115334
   -394.60304197 -200.06134126 -157.0130641  -227.40378303 -264.91264354
   -256.37157261 -323.72803278]
  [ 353.78795785  314.44040726  -17.38710302 -239.13553955  393.13520315
    113.28284043 -226.70997465  548.52446414  671.60073967  621.34769494
    715.05835768  707.3928228   618.01690052  340.70651002  585.51563062
    336.50658076   94.72900889]]]