[[[ 300.721       187.23611338  238.65301662  307.00349503  414.20519915
    399.78007968  405.51586094  290.08632526  331.7472636   261.78682509
    283.38442021  454.69772993  667.80830925  875.68028974  204.91089611
    -57.55459834 -240.90721453]
  [   0.          -38.15392223    5.93396362   60.63218793   38.15342191
     39.93456504  128.95691877  -56.06705496 -163.18983135 -242.41360714
   -259.25027687 -121.46313839  -73.07049883 -182.86999383 -141.68450388
   -147.32200032 -275.34017125]
  [ 116.39015732  123.83058343 -273.04687833 -670.99206083  108.94979397
   -299.21947859 -673.34375469  370.2929299   565.90999784  526.79766376
    625.12514759  526.27766682  357.67848838  213.73571849  575.05627725
    694.71331021  886.029912  ]]]