[[[ 350.579       234.62332614  269.31636606  259.85907539  466.53390629
    466.76341018  472.93997842  286.17875528  251.19455918  230.30106576
    246.15037365  381.58954177  533.1515314   627.14010635  131.07132872
     15.96075016  -50.79227136]
  [   0.          -50.47403631  -41.34041564   32.02874256   50.47345187
     49.47945493   92.75307597  -65.02294232 -206.49631392 -309.35451211
   -352.23719802 -168.4335256  -106.87547781 -173.13360569 -195.08450548
   -161.46675128 -209.76093352]
  [ 398.01395785  392.31578448   17.37723199 -301.89908894  403.71207445
     45.14532148 -295.31751676  633.65019248  781.92532162  723.28825424
    824.15959174  786.1180236   597.57714924  298.5538651   727.0526105
    478.76310668  199.66796767]]]