[[[ 297.691       179.53034325  207.93814711  248.82324848  415.85098218
    453.72450046  466.846398    314.90393344  359.1638723   317.43075267
    330.92805133  485.16974661  634.81194395  565.73174023  223.49747641
     70.53790309  173.95802932]
  [   0.          -38.33559772  -93.020411      2.02535152   38.33515681
     -7.86696531   71.66638867  -59.89832286 -198.66468473 -300.11680935
   -326.42738705 -168.19030195 -154.0420138  -269.00485163 -188.55579164
   -224.58448132 -306.73705226]
  [ 346.21272766  352.31383728  -10.28771312 -332.553162    340.11164583
     -6.10516485 -321.87852292  594.44467129  767.33648163  716.86485213
    815.57886355  737.62058855  508.42659471  219.97125431  743.02191402
    541.12690747  515.41599193]]]