[[[ 371.26        266.95463582  320.77261226  304.58426172  475.56462355
    543.25689494  516.1834429   370.0173289   402.49650416  416.47889818
    425.01299345  526.88021491  821.05558042  755.25411899  278.85371527
    160.67730016  255.1618673 ]
  [   0.          -68.96504413  -49.51005773   43.75581445   68.96431833
     89.35198359  178.88096023  -92.06867452 -216.51082777 -313.62568438
   -331.50977441 -158.96326342 -260.5899932  -424.86396787 -238.97063069
   -389.73912217 -444.43660483]
  [ 383.02894374  376.76659345  -31.34962723 -382.63621875  389.29124485
     -2.11076475 -375.52683093  617.57441762  797.29356845  784.22612812
    876.50916249  788.84440525  803.02939193  793.53013262  763.67668863
    718.5913628   743.93798281]]]