[[[ 447.79        372.49243276  359.15370927  407.11164214  523.08745422
    530.28323526  571.93435721  455.32586018  502.86910132  455.70628867
    486.27757171  569.99096084  439.4669052   364.92683578  408.32834336
    254.06042755  292.80701648]
  [   0.          -21.43685805  -42.09358177  -15.67041382   21.43660761
     -7.26732599   34.96928704  -29.32965419 -113.8216732  -184.07034345
   -176.83670569 -111.81359378 -227.7872677  -267.24193185 -100.72366974
   -135.00518541 -219.14743466]
  [ 274.41069543  288.12556317  -43.67452477 -415.31885348  260.69590526
    -80.50974092 -427.24947955  519.23950802  742.54738519  731.53946296
    835.99286355  689.77576047  504.75086895  723.60150626  728.4621674
    577.18406354  690.79595258]]]