[[[ 347.694       253.74774589  297.63141548  332.15728673  441.63972441
    443.66754822  434.36241239  314.69015384  316.01493868  302.8173865
    317.03528878  426.86296291  592.32979236  621.59631855  207.36057484
     79.43756184   81.72830542]
  [   0.          -44.66155678  -15.21056923   46.17178831   44.66106638
     34.31809746   74.56759054  -56.71939093 -181.54096969 -272.11881166
   -286.26038083 -141.76009245 -177.1595547  -317.7078951  -180.93682356
   -237.43278205 -331.03032143]
  [ 371.23044372  368.49558228   -9.99259478 -365.67424963  373.9652772
     -7.26901019 -387.59889237  604.52177486  792.55364861  767.31432588
    866.76733609  780.16041807  619.49516753  631.56027661  748.5427124
    557.35504837  655.45357602]]]