[[[ 2.77033000e+02  1.89320253e+02  2.01842403e+02  2.65579410e+02
    3.64745174e+02  3.31454768e+02  3.53657161e+02  2.43382231e+02
    1.79940442e+02  1.06226193e+02  9.59372561e+01  2.87127370e+02
    4.52128917e+02  5.29535593e+02  1.03887247e+02  6.23756938e+01
   -1.15054492e+02]
  [ 0.00000000e+00  6.49059206e+00  4.63596258e+01  1.06795693e+02
   -6.49040963e+00  6.84856753e-01  4.26036479e+01 -7.37116149e+01
   -2.05587847e+02 -2.70009242e+02 -2.85300125e+02 -2.08500602e+02
   -2.05351819e+02 -2.31297402e+02 -1.50989947e+02 -7.60608102e+01
   -1.16455483e+02]
  [ 3.88548943e+02  3.93403992e+02  2.01744553e+01 -3.46973861e+02
    3.83693962e+02  1.00707915e+01 -3.84077208e+02  6.09534978e+02
    7.62156994e+02  7.42484948e+02  8.42457152e+02  7.54105106e+02
    5.77751103e+02  3.28851486e+02  6.93952114e+02  4.66741583e+02
    3.69793038e+02]]]