[[[ 9.13200000e+00 -1.21842464e+02 -6.06560607e+01 -2.71384106e+01
    1.40105677e+02  1.93518386e+02  2.81384536e+02  1.50033973e+01
    1.82542351e+01 -4.73272844e+00  5.32951285e+00  1.63619562e+02
    3.97861907e+02  3.19887630e+02 -1.27689614e+02 -3.69685280e+02
   -5.17199007e+02]
  [ 0.00000000e+00 -4.35987576e+01  2.21750652e-01  8.16487110e+01
    4.35984245e+01  9.56010026e-01  1.11492008e+02 -2.94453329e+01
   -1.42932311e+02 -2.34937765e+02 -2.55678577e+02 -1.09559638e+02
   -1.22071806e+02 -2.48049414e+02 -1.18281326e+02 -8.05164309e+01
   -2.00749851e+02]
  [ 4.55828715e+02  4.62474610e+02  2.75180267e+01 -3.95576593e+02
    4.49182934e+02  2.62207132e+00 -3.93376330e+02  7.12402387e+02
    9.21500443e+02  9.13521118e+02  1.00652431e+03  9.13129978e+02
    7.89834159e+02  7.23450411e+02  8.70836732e+02  7.25855623e+02
    8.04848110e+02]]]