[[[ 435.87        314.83826559  344.01733053  365.92773571  556.90103025
    575.87345947  551.17687594  425.1479509   482.07834392  472.4154337
    519.95361922  608.76412734  884.39471281 1126.00764693  343.50802189
    121.45000435 -105.65128743]
  [   0.          -56.60499539   -3.64181011   54.86926469   56.60440577
     93.39975052  198.31274729  -51.52610558 -129.90873273 -223.62906192
   -230.23682443  -69.68651318  -21.9992698  -189.47625943 -136.48803907
   -228.79097272 -383.77217248]
  [ -76.43342433  -74.34536163 -480.76067153 -892.59302832  -78.52146705
   -486.02871456 -866.49318051  183.62387464  395.43715835  377.18889304
    470.40368907  356.24135089  247.26065549  224.37443776  414.65196862
    629.08176218  947.66160399]]]