[[[ 506.48        397.79225624  458.22523094  531.45344253  615.16721568
    592.39330548  597.26554361  528.57419949  588.90840932  549.496899
    575.65509949  704.33971448  851.82559306 1069.32818478  459.58965963
    212.65279618   17.16141978]
  [   0.          -29.25294653  -18.74121279   68.49665282   29.25265743
     16.58492229   85.37733247  -80.62939856 -207.27521645 -297.74157616
   -309.74650659 -165.30334546 -131.9472252  -268.33715227 -185.19468521
   -144.51441711 -263.51903135]
  [ 416.07660105  418.67211565   54.54712404 -303.0735669   413.4811232
     34.9054991  -332.39472843  645.81612254  823.51514606  777.06916507
    880.15586355  791.19455792  619.61353816  673.18480432  827.47592521
    747.97406811  829.29319966]]]