[[[ 488.83        387.78917334  411.74763864  406.7879612   589.87009806
    571.99302268  529.79461095  474.04288233  489.50848113  479.03524725
    503.64085062  609.35356661  841.04195269  804.5955597   370.29204408
    166.13807049  170.92516363]
  [   0.          -39.61606801  -63.37968485   14.68522866   39.61541671
     11.27910744   43.21813459  -82.04748041 -212.14146774 -305.02863685
   -325.47826806 -177.1248916  -290.62772974 -429.17239513 -204.91320515
   -247.49167014 -294.4458024 ]
  [ 431.70445225  437.18793966   98.65221177 -290.68190422  426.22098176
     67.13388552 -333.88100264  661.51792243  837.89346804  790.80779946
    888.30445488  816.75392181  777.89996056  828.02198144  821.87163748
    711.54448534  630.68472349]]]