[[[ 203.339        75.68587573  131.42096425  178.91104946  330.99111832
    318.13005244  388.89910084  190.81358544  165.26167012  137.18995625
    128.35135611  316.0143575   610.16322763  801.29224944   33.22735333
   -115.17100566 -250.27337458]
  [   0.          -35.14248363   -6.04040202   82.60270567   35.14222097
     37.88120095  136.41030081  -91.15177241 -267.89232975 -366.16624375
   -403.50372864 -222.00230875 -166.84968673 -260.85892234 -241.30895411
   -176.98156013 -198.92362479]
  [ 444.71418451  441.9181964    39.06128705 -335.87290571  447.51020703
     43.07806446 -322.32806834  678.33969424  807.44902862  763.60936799
    854.62071535  825.45167475  725.7819477   572.98453973  737.01858926
    490.15480171  228.79441185]]]