[[[ 327.004       249.40356502  355.45535271  364.87376228  404.60397883
    401.27074156  414.87643585  284.63436795  292.7756819   280.89626057
    291.70558847  386.35753153  527.60403787  600.82969147  204.70187483
    146.09248144  172.50988219]
  [   0.          -52.93075203  -35.27283337   17.77852513   52.93009725
     45.32951762   60.12865018  -53.566502   -177.60619058 -255.48989268
   -283.21110905 -127.87762378 -101.25437058 -188.48583966 -190.67711529
   -216.33749717 -254.3942889 ]
  [ 430.07537276  426.31122894   56.40682702 -327.86560594  433.83947234
     43.95021945 -348.01654215  664.37955705  830.4054794   785.87568536
    886.12291491  809.77207467  606.68865337  383.08280452  787.48979253
    571.50175752  518.0232683 ]]]