[[[ 391.68        302.16768132  335.77086236  369.38056673  481.19163612
    456.22627199  449.82704528  317.21678831  243.57353959  200.18955759
    188.26433955  359.11917025  599.39217714  746.25561837  160.78851145
     61.69073382  -81.33737478]
  [   0.          -22.0910807    18.48207766   68.2271964    22.09080488
     52.67076566  105.88427491 -115.96084353 -281.18542638 -359.05858223
   -385.33529628 -258.24982697 -287.52625873 -397.6153392  -245.058867
   -237.12159398 -314.1554043 ]
  [ 370.57215934  359.42122417  -18.28969675 -393.37482748  381.72303609
     11.91316909 -404.62873027  568.20464401  691.19609803  649.1819488
    734.87773803  738.53111886  826.62203006  886.21588961  614.49137649
    427.42817222  413.08007287]]]