[[[ 441.77        328.99562327  287.86207389  229.38456808  554.54354813
    552.56537642  529.78322411  414.86651932  392.72120581  360.39354967
    380.35398152  518.9854554   697.37389711  808.91555244  275.0174854
    140.46538747  -30.58210553]
  [   0.          -23.03357491  -80.29162221  -22.84902721   23.0332483
     11.72851699   71.97688361  -95.85936728 -255.79627782 -356.55608163
   -391.14492557 -228.92719706 -200.95074701 -299.32450353 -223.53765877
   -181.37269595 -263.5212218 ]
  [ 374.48095785  373.29715122   38.87502466 -286.54641712  375.66476097
     51.96844458 -289.90223789  587.10481486  730.93691826  667.65473238
    766.21494554  723.68197871  567.61900938  443.51458112  694.5306929
    489.75476474  383.37097556]]]