[[[ 397.75        519.29625346  535.29071157  448.12530888  276.20474439
    361.79629194  362.9551658   341.11070411  337.52858968  401.18751289
    436.44190039  218.29573762   63.51728969 -141.98898917  443.97589931
    579.27106696  716.93016085]
  [   0.          -91.89765319   18.44974364 -101.29662656   91.8966956
    226.71583497  111.83078622  -34.55516594  -27.63912355   46.7180041
    -11.79562514   14.61081989   10.32325283  102.95300102 -110.31157069
   -193.76840837  -58.47525801]
  [ 408.89427937  400.99824446  -38.87139571 -482.20178025  416.79025222
    -17.10010976 -461.09589419  670.83128516  915.10670645  935.12621959
   1028.48405962  887.5804413   722.01728325  758.62909536  857.4552127
    603.95406374  435.10136986]]]