[[[ 297.527       165.80579415  145.9679458    59.79808562  429.24725586
    461.20144012  563.26481987  305.32264147  298.39790683  218.8201694
    213.65284681  437.75491818  578.42228304  606.2261539   167.44777577
     24.85177987  -88.436297  ]
  [   0.          -16.01458691  -68.04256675   67.15220387   16.01448116
    -33.47497838   57.62938816  -80.56911641 -242.81593243 -339.85140869
   -373.10739401 -230.08303751 -192.18978172 -254.37122631 -199.4465243
   -110.89826428 -165.03107667]
  [ 371.24461367  380.42000919   41.05283247 -256.17976011  362.06930871
     14.17013802 -278.32642464  603.75380296  761.10927593  711.47157969
    812.63986355  738.0511234   515.46842806  221.53333261  723.649495
    485.33537637  221.12495037]]]