[[[ 273.963       144.72748323  155.56933213  147.19394981  403.19762057
    447.85412845  391.34521789  263.13078451  274.24278215  261.68217412
    275.12039281  416.56494053  658.30471862  705.32654279  132.4677934
    -83.23131899 -254.33231243]
  [   0.          -47.95146253  -60.24146778    1.11584574   47.95094881
     51.91050822  172.07798156  -80.70158478 -218.76315804 -323.09277861
   -338.9216946  -177.17079023 -244.95160245 -386.86346191 -204.78787354
   -195.34064347 -278.84130022]
  [ 334.45789101  335.27738333  -62.68372251 -438.5966148   333.63844009
    -33.8830222  -413.7861233   569.47503031  746.59944428  704.55161127
    801.32550657  741.18471804  739.7110599   881.1355058   718.80666492
    608.82508688  568.0184265 ]]]