[[[ 324.268       213.94948888  292.73172693  325.21821415  434.58583514
    446.13438186  452.36660711  299.78754314  314.93154073  302.67033245
    328.06042297  431.53361226  536.37641954  580.59678451  195.55163668
     73.66692328   17.90506586]
  [   0.          -42.68234227  -61.90893496   36.39561568   42.68182443
     15.10006761   70.7477103   -89.21767499 -250.18962201 -347.59458292
   -385.3273623  -211.08596111 -179.59677963 -245.83420292 -240.60396593
   -212.79578823 -249.4894318 ]
  [ 427.39595785  424.50303474   44.45616641 -297.33602873  430.28883078
     56.34636778 -302.57442616  653.77624412  794.50788679  735.0318947
    835.64415568  774.00532865  539.80275046  245.12132112  757.88711568
    507.30673088  227.46009379]]]