[[[ 250.439       105.28082863  151.52258942  137.37888267  395.59634263
    404.01220235  330.47601806  228.017393    225.82095076  183.01306353
    186.360789    382.36264869  659.05691392  924.05903238   69.16487896
   -222.67588046 -437.23482335]
  [   0.          -53.40366632  -20.32200788   76.97823649   53.40318157
     64.44146105  233.29232012  -63.45347673 -176.87858799 -284.9778554
   -289.06297452 -126.14329342 -111.22562824 -270.67138904 -154.07536132
   -181.21022387 -364.44793754]
  [ 211.01830914  208.41443759 -206.83938347 -575.96314849  213.62221215
   -189.33665345 -549.94932621  457.23579106  650.13654552  617.16831899
    709.9900391   666.95689422  785.22937204  909.80045763  624.63549795
    707.48759081  872.07426195]]]