[[[ 482.96        371.83981911  333.75169848  382.9806313   594.07948053
    621.72987918  633.23996362  539.36911439  647.73338907  595.50446982
    664.75610854  752.05347524  851.63942025  743.1668968   511.66236798
    234.7957551   172.30785212]
  [   0.           -6.9845643   -54.17272805   37.87660042    6.98422133
    -41.01582412   47.6769737   -62.33622913 -172.11356795 -259.50832606
   -279.28320333 -165.83500944 -156.12274019 -270.09143973 -138.56864395
   -211.00351801 -354.48072395]
  [ -84.62404554  -65.46428652 -417.60033499 -799.40195338 -103.78367667
   -461.05463031 -820.28952391  161.6170904   341.7998917   307.77701357
    396.3642423   256.43060817   -7.87768503 -268.74873487  398.20944086
    584.93441268  842.08786355]]]