[[[ 406.57        318.381562    291.63680437  233.96006576  494.75786859
    575.45095087  683.44855892  386.53022285  410.45276238  422.16100093
    455.39501027  504.03936151  620.16472166  595.02251438  310.66193686
    202.02359606  218.13062863]
  [   0.          -39.77134499  -70.31858061   -9.12668525   39.77086124
    -14.50588216    5.82047135  -62.10424581 -173.42877475 -250.40930435
   -270.18255109 -138.47378294 -178.58941953 -300.01400485 -180.86663548
   -224.88358904 -272.1139741 ]
  [ 361.53169819  364.77133028   24.26621233 -330.64229203  358.29208399
      7.71626819 -353.97402485  590.49426369  779.59532441  732.69658531
    836.09986355  745.70855803  513.06817274  594.65855267  751.0615865
    526.70833838  573.49895233]]]