[[[ 371.19        239.04580121  194.9540914   104.84641284  503.33329918
    599.60402563  674.27002604  352.17425375  366.22720745  344.28110671
    357.48359633  505.20381156  760.2745283   882.87929342  224.98710887
     16.04006479  -90.23439421]
  [   0.          -52.85043352  -43.59082863   35.40238526   52.84999517
     39.48882837  179.039513    -57.8612558  -147.48603357 -248.70671008
   -244.25218287 -100.86889319 -165.18798027 -368.67625945 -145.16861987
   -277.59611484 -438.23355666]
  [ -11.56137381  -12.75640041 -397.19621378 -792.30857834  -10.3663221
   -388.70796431 -766.1065331   231.53743409  444.11223986  447.5395705
    525.50257381  449.50068009  644.19814613  814.30560069  421.22238389
    622.80034717  894.57620453]]]