[[[ 438.9         333.78708583  329.69558736  319.99761723  544.01218872
    601.80080684  702.32335998  446.21043193  498.59561959  476.10674246
    505.86956605  608.22808488  763.97602952  756.96227212  371.71021518
    103.10364362  154.03962325]
  [   0.          -33.39996165  -46.44308004   32.60771749   33.39956221
    -21.15245191   23.86893755  -57.89475892 -149.14101788 -238.78861537
   -241.65437391 -118.95021956 -197.26952122 -356.37013627 -146.97188973
   -276.73273176 -375.63173276]
  [ 241.69865125  250.42201114 -107.67290188 -473.49195085  232.97534044
   -134.59583867 -493.09447978  478.33956496  688.87959262  670.30037323
    767.74889286  641.61320303  480.61781242  607.97174865  693.335335
    724.25063377  853.76186355]]]