[[[  41.459       -54.60272701   45.33497474  148.33358134  137.52036342
     22.06761046  113.27375177   23.30181145   29.31452852  -27.39580656
    -20.89562862  140.29921466  311.64240675  500.70260955  -80.84350562
   -276.58914927 -490.04709246]
  [   0.          -32.21238284   20.66250828   39.24104353   32.21213279
     20.11595846  118.79025763  -81.5235384  -215.42724728 -277.01777306
   -302.49442173 -177.16797095 -117.44065854 -187.53572785 -186.40538074
   -121.76661151 -164.28806562]
  [ 401.42144104  406.04110921   12.92905908 -380.05090571  396.80182847
     17.04228956 -335.01499235  626.53588802  774.09994279  726.34275794
    829.38052617  768.75630339  599.3505844   414.87309428  725.07247295
    533.80554076  495.55006132]]]