[[[ 394.85        275.04997005  360.0848822   282.29016421  514.64925363
    468.11103343  383.28985641  336.7776994   308.02781383  278.4228032
    300.74963622  444.92127238  637.74204276  782.22204047  180.7914731
     16.65443035 -151.1348831 ]
  [   0.          -39.78933415  -64.31057608   -1.83809657   39.78877687
     34.86107908   93.93579354  -83.65236073 -244.63724941 -353.29529568
   -390.00302075 -205.55088899 -128.01450304 -211.34349895 -215.43144093
   -179.61883027 -277.47376014]
  [ 412.81395785  404.94590212   46.80019861 -312.87130359  420.68195834
     55.83629178 -331.49823293  631.33711007  765.24805574  693.51775554
    792.44856794  770.91172526  616.15608249  440.42632999  723.45493712
    509.74572121  439.9024126 ]]]