[[[-361.676      -260.06080278 -428.852987   -466.68463806 -463.28985121
   -714.19287476 -556.35279515 -316.28365789 -234.74223586 -294.32469128
   -274.50169809 -367.20566635 -716.12492678 -949.19423808 -137.45769447
    -14.42252695  -26.79009201]
  [   0.           29.44366677  145.96537598   -6.62447825  -29.44342681
    185.01478297  154.22545326  -46.83193213    2.19515086  111.82116678
     86.58745742  -78.48627404 -180.5543879   -80.55129203   36.78372477
    123.02951589  238.75023115]
  [ 399.70485044  408.1108689   -32.78227534 -511.80794034  391.29897882
     48.20862932 -362.03029049  663.38815626  894.99107816  906.87011849
   1010.70979078  905.27441917  847.19829372  788.63736911  801.99519413
    546.21608295  330.28942098]]]