[[[ 365.319       257.43672077  259.95708242  272.99349529  473.20061057
    473.41087207  461.58861178  337.39472157  340.61254469  319.9316833
    328.67219376  461.67381223  660.67612727  736.35748261  223.13035375
     81.78902511   22.3194839 ]
  [   0.          -47.27244378  -12.38532506   52.98743752   47.27190806
     80.07879406  173.07852964  -68.05801857 -187.65360498 -276.59514473
   -290.65042594 -146.15497156 -196.75498885 -348.38933401 -186.79015438
   -245.19627668 -338.70568617]
  [ 453.83175665  453.50147607   52.61136381 -342.15980761  454.16202835
     58.12257055 -327.14557638  688.6611455   880.18899684  843.5674361
    939.31056425  871.42807207  801.61910013  871.2344053   850.10171548
    765.13442363  835.09487116]]]