[[[ 486.11        404.72936996  457.23713846  382.21500024  567.4902381
    543.51652046  475.77157094  436.71197544  439.97127563  433.89546329
    457.15471051  547.70106825  806.61193937  709.98908028  342.6459978
    266.27249546  240.03612062]
  [   0.          -66.24731055  -49.07353601  -28.35758927   66.24646224
    123.22499172  180.36708994  -38.68958735 -120.7180992  -192.05557407
   -202.44435699  -76.20839649 -177.07657066 -326.10536025 -145.15740863
   -269.35318249 -305.77158132]
  [ 401.21353262  393.88243124    8.76723348 -390.96135173  408.54455365
     21.55917469 -381.04162747  646.72506254  845.99782417  825.14677288
    920.85888434  831.30053466  774.84257705  819.3148884   811.99454951
    719.51957384  908.53204204]]]