[[[ 394.7         305.95653142  340.15063907  347.13044141  483.4428828
    502.39707602  478.09907953  417.51802225  485.17868464  471.79282476
    514.87963357  576.75004491  693.90090245  587.21036634  374.52175424
    198.22542321   51.58485951]
  [   0.          -35.65109551  -21.79698932   45.69095447   35.65063555
     50.55454509   84.85151315  -74.15483893 -208.18585956 -280.29261259
   -313.51849499 -169.6821613  -155.05514974 -212.86772434 -195.10081506
   -148.07430911 -171.52242752]
  [ 415.26176707  420.96121563   29.98490136 -351.23830049  409.56235595
     25.8404202  -372.09639874  645.47115856  811.84489867  787.66714866
    886.5551658   766.80886927  570.07466377  416.05780275  797.55588726
    679.08560317  601.97101739]]]