[[[ 397.79        309.89184416  353.46412794  342.18643615  485.68777948
    538.75958292  557.7971868   407.46737443  463.32498029  450.02807415
    472.03248325  556.60492661  641.29884283  534.81077575  350.94092674
    179.97800231  279.38991673]
  [   0.          -52.73992     -72.23895759   12.9817701    52.73931383
     27.25110128   64.00460024  -40.28358683 -131.75746235 -214.17952486
   -224.27559743  -87.41996786 -134.21028254 -258.18846735 -150.77723482
   -217.17046676 -249.57718667]
  [ 292.50079353  297.67322481  -52.6995271  -398.90263886  287.32836981
    -63.09025481 -402.54592121  535.05974938  749.45522991  734.17400121
    839.01486355  696.86432471  462.02468981  383.38097491  728.55433264
    599.84616573  515.87167303]]]