[[[ 359.415       297.65027686  152.98500738  230.23410144  421.17946962
    434.77817639  781.65816411  349.88599719  325.52114752  293.95815532
    338.52270181  400.20592802  525.44471619  562.92989976  260.58873719
    203.12360963   92.9963778 ]
  [   0.           32.55626799   11.93127726  126.1293418   -32.5560662
    -40.85286085   28.6416269   -49.11527738 -114.85826143 -173.40258987
   -188.4022679  -145.66266946 -162.66491353 -218.68298394  -70.21894469
    -45.28613998 -117.10829772]
  [ 120.40798591  124.35424797 -124.3816987   -53.70121034  116.46171256
   -122.84396244  -39.17664249  324.60494063  519.11732963  505.51851825
    603.49886355  504.41530879  326.98931378  210.81527952  483.69691399
    259.00930602  197.00755928]]]