[[[ 418.36        301.04088103  304.40598537  268.63538828  535.67827762
    625.23678373  684.96085482  419.97906093  449.91738346  422.09312587
    435.96974267  581.20713433  839.66810147  950.59917867  314.00690527
     60.99351554  -88.37303758]
  [   0.          -49.13925298  -33.30919502   45.06231137   49.13887925
     52.75853567  175.99024275  -63.3142575  -157.1752057  -252.82654128
   -254.79593716 -112.8933863  -159.823054   -347.96134209 -148.80607647
   -209.52671276 -353.29912867]
  [ 166.15608766  166.2887601  -218.49729679 -592.38394803  166.02344823
   -212.96039227 -552.25245743  407.69148161  616.79766519  603.9855432
    696.11627883  600.75942127  587.21461767  720.40246996  604.31524632
    705.02258719  872.4000357 ]]]