[[[ 253.589       186.20928868  208.53529889   93.37185153  320.96823434
    322.84208068  279.17256035  215.35259674  260.91646704  276.24211694
    312.25629923  325.19490142  396.65577881  450.81375522  171.12852321
     16.52105545  -87.11044898]
  [   0.          -76.50675136  -49.39508403  -55.98453735   76.5059345
    154.6968575   204.35626604  -28.36148136 -105.36959886 -156.80693529
   -188.27102427  -35.4959474    26.64789574  -33.14019673 -140.9935754
   -156.66564605 -141.53265919]
  [ 398.79831192  400.42108165   -5.15687678 -433.01119596  397.17554694
     -3.47685082 -398.3970078   649.73215297  852.40684186  822.39829491
    925.08850788  803.12793194  558.65237208  361.21406741  827.52606732
    722.46994791  572.60820347]]]