[[[ 438.81        323.05293365  392.66428596  362.7491442   554.56618112
    620.41277532  584.99423875  374.1510222   336.08478235  345.79907752
    359.26124659  479.42500634  815.76547178 1039.02420061  208.21435764
      5.414007   -158.91840879]
  [   0.          -49.94901607  -69.966665    -21.71374231   49.94843466
     49.45681137  138.01080888 -108.22422739 -275.18499433 -383.9480968
   -408.12047977 -221.3476025  -220.16985906 -389.81035093 -260.13513371
   -293.14063687 -426.16536754]
  [ 337.8448387   317.70239689  -32.54046684 -373.76751908  357.9871518
     16.01310332 -350.36052946  546.89320486  685.54137487  640.11812596
    727.85538241  720.9291654   802.77306958  835.95186355  634.02549722
    513.52760481  510.13910483]]]