[[[ 391.7         259.21292706  280.2788985   270.65250337  524.18613178
    516.44471379  474.0714572   354.81150211  352.3692209   328.84547917
    348.46062562  498.23982706  782.43796811 1006.16923052  208.27206578
    -69.16950196 -304.03948941]
  [   0.          -45.65926241   -4.85543111   62.20945454   45.6587101
     82.34125798  202.49170396  -77.5930376  -204.56343956 -310.46798425
   -328.53198678 -155.65368441 -142.76458358 -280.22832477 -183.84745107
   -197.47220173 -323.42283018]
  [ 444.40001658  441.84101155   38.00924862 -355.19658764  446.95903063
     44.13933029 -338.77923229  677.5160362   853.84356181  806.6993737
    900.91356857  855.24460701  890.17284851  939.98960422  837.43372922
    856.56564186  907.12889131]]]