[[[ 4.38830000e+02  3.80889029e+02  3.76806238e+02  6.10403568e+02
    4.96771043e+02  3.35672800e+02  3.88307968e+02  4.52753568e+02
    4.66953848e+02  3.87989153e+02  3.97837372e+02  5.43812482e+02
    6.46453101e+02  6.68916035e+02  3.90324205e+02  2.19646721e+02
    1.55288468e+02]
  [ 0.00000000e+00  6.04136765e+00  4.76798974e+01  6.28290671e+01
   -6.04142051e+00 -1.30062976e+01 -5.18899011e-01 -4.26641705e+01
   -1.21818908e+02 -1.58648824e+02 -1.75181429e+02 -1.29061703e+02
   -1.36943613e+02 -1.61438365e+02 -7.73715674e+01 -3.63219783e+01
   -1.13574084e+02]
  [ 3.41404983e+02  3.42215966e+02 -3.34646470e+00 -3.60409823e+02
    3.40594016e+02  2.97170628e+00 -4.01431610e+02  5.84313599e+02
    7.70344476e+02  7.37302801e+02  8.38954864e+02  7.73141466e+02
    6.34020492e+02  4.39253351e+02  7.10236264e+02  5.32043217e+02
    6.67532887e+02]]]