[[[ 409.51        303.49954408  274.32735458  301.48293606  515.51987713
    495.95554988  527.55259543  415.7967248   455.96895777  434.43430173
    468.9881823   561.25784025  630.83810174  693.03259109  336.6820336
    192.31351434  111.00370631]
  [   0.          -18.79737736   19.37757944  196.0018534    18.79702662
    -52.79530179  -58.28720763  -79.85413477 -222.42193088 -315.44754769
   -346.32362385 -190.01026472 -153.6175677  -237.81912821 -206.72401851
   -140.94360776 -173.54819762]
  [ 402.37170307  417.43364991   83.82924185 -220.86808521  387.30983579
      2.04830087 -359.95192402  625.52356254  796.07887121  748.69361918
    852.75162708  747.51829695  508.58994976  336.70128554  783.81351217
    565.55552831  326.04881919]]]