[[[ 462.53        381.64883215  434.04552424  573.85751117  543.41081836
    526.35969667  659.0440736   498.03866456  591.60251332  593.55150742
    646.07876232  676.97325669  780.02395425  830.51095394  479.58467423
    291.34749654  268.13622016]
  [   0.          -27.63458653  -11.96586644   27.38847322   27.63419447
      1.66346822   12.97708334  -62.83590387 -161.27821279 -235.25564909
   -236.69885181 -123.92744742 -176.73625412 -328.89164529 -166.4630689
   -224.41920799 -292.54517692]
  [ 342.33782993  348.13366872  -12.70825576 -342.14462848  336.54201578
    -32.77030871 -364.81922786  567.14381798  749.04537704  728.09848686
    827.21286355  694.46680599  470.33609695  637.84629367  753.67313559
    636.14018915  778.71523385]]]