[[[ 344.66        358.6353338   294.33705664  386.67790575  330.68494418
    324.50885122  442.22142805  380.90159358  447.47820987  384.48404778
    415.10527545  425.76287859  271.73369764  283.3174815   441.64839916
    289.14858468  103.71898513]
  [   0.            7.63502602  136.83580676  137.43275136   -7.6349239
     29.82589601  -12.57565734  -45.62170066  -90.44597323  -68.34355253
    -90.89455754 -112.16662818 -216.25581494 -236.96126095  -47.58896732
     72.67208503   25.26480658]
  [ 289.29733396  300.56400803 -110.2715753  -522.59628287  278.03081489
   -157.70856621 -577.94700393  540.4200872   776.73113992  792.06971778
    886.64442378  746.48579144  810.5445688   882.006673    747.10126234
    886.96475842  972.39333789]]]