[[[ 388.75        268.2234628   244.49482041  172.68856595  509.27559834
    550.05059032  624.44149516  417.88930439  478.05896242  455.7949043
    488.46870316  598.30546685  712.86261864  700.21817152  344.33746037
    195.88210203  142.11376435]
  [   0.          -37.78025719  -42.56506356  100.20643514   37.77982813
     24.0881018    77.58753154  -99.36547396 -269.49343836 -369.71051571
   -422.19025941 -231.30479435 -186.32576954 -263.76925598 -253.74047087
   -197.59425588 -220.65487448]
  [ 422.57954687  432.8962366    35.72647713 -299.96879751  412.26290853
     19.05231629 -344.65190571  650.34456531  777.2062942   714.9703583
    809.86324507  744.18343832  507.57355674  198.45720069  760.01708912
    538.84796357  280.16591893]]]