[[[ 456.59        355.34531257  394.7579869   445.7291017   557.83408306
    566.36047229  567.43124522  463.41751603  511.30124131  477.18408299
    509.24496208  622.43235933  825.55269957  915.85417372  389.39267222
    153.59804162   46.47205678]
  [   0.          -26.65257662  -74.62678394  -31.58768715   26.65222479
    -25.49162094   11.60012125  -82.70856224 -197.26829148 -285.43498961
   -286.93421045 -164.60573451 -209.79578157 -376.94003063 -182.18513895
   -249.5060389  -373.8295406 ]
  [ 244.30931163  247.09956628  -86.85841215 -425.59016188  241.51907342
    -91.87651878 -429.13320655  464.12187639  651.88503161  622.31684415
    720.87120793  612.59707134  466.13885907  590.83275086  658.39074656
    651.33426108  812.42486355]]]