[[[ 512.54        443.08469039  445.85932796  547.70699472  581.99515076
    629.25590681  765.55268978  572.66532842  643.64966145  566.58808102
    579.36560143  719.76244719  786.56236386  890.80324717  552.67985441
    339.34408956  163.07971335]
  [   0.           -7.41976828  -36.54026973   -7.99835035    7.41986119
    -30.43511318   -5.74681305  -93.78709857 -209.1799189  -259.48617595
   -271.64884777 -194.07055121 -199.77552572 -286.14327698 -172.73392836
    -98.77059579 -183.89461753]
  [ 352.91865998  353.45114645   30.70060883 -308.88054121  352.38624473
     25.95506105 -313.60976747  555.03838754  724.96112694  687.66547238
    792.01986355  702.55002065  539.63638278  557.00553664  703.18297032
    575.92136696  683.53219608]]]