[[[ 462.41        366.09907976  333.15024421  308.27109905  558.72017905
    596.47467962  611.463772    445.80606714  456.29821565  438.86779683
    461.22672355  572.89902847  797.76256704  675.89210894  340.60531328
    122.66507642  174.24989244]
  [   0.          -41.32075443  -38.43869243   12.19712825   41.32024445
     61.3829643   147.35057264  -41.34427875 -129.34575204 -217.96421918
   -224.02426671 -101.64106966 -223.69272547 -367.83831075 -126.21688791
   -246.79368544 -315.44463582]
  [ 320.49373327  322.48737238  -50.01697611 -429.59601606  318.50009227
    -44.13737033 -419.54941862  560.83509487  770.50106226  761.95302724
    855.20374934  748.25562386  665.0927636   814.78161717  740.76852117
    693.81979843  843.02727974]]]