[[[ 4.86030000e+02  3.89930873e+02  3.50343980e+02  2.92838375e+02
    5.82128519e+02  5.72957987e+02  5.82492516e+02  4.70472555e+02
    4.84810532e+02  4.64431272e+02  4.94236934e+02  5.89937412e+02
    6.99174101e+02  5.58104719e+02  3.73271350e+02  1.92351214e+02
    1.64734359e+02]
  [ 0.00000000e+00 -3.37144849e+01 -4.91227340e+01  1.44313397e+01
    3.37140231e+01  3.55482244e+01  8.01091548e+01 -5.16007763e+01
   -1.61031017e+02 -2.47158018e+02 -2.66397810e+02 -1.40905654e+02
   -2.31767909e+02 -3.24261553e+02 -1.48870907e+02 -1.57466176e+02
   -2.03464365e+02]
  [ 3.42863954e+02  3.49858918e+02  6.73021129e-01 -3.60761098e+02
    3.35869018e+02 -5.55986280e+00 -3.80060641e+02  5.76277103e+02
    7.73054650e+02  7.50136593e+02  8.50821864e+02  7.33042896e+02
    5.51456259e+02  5.04571228e+02  7.49485182e+02  6.00331723e+02
    4.72919486e+02]]]