[[[ 262.281       214.3380898   255.63183754  499.67342308  310.2238709
    123.26938201   78.29979934  238.43594333  230.54172897  197.36280922
    221.65954429  311.42206552  591.50199214  654.53010512  163.82626111
    -13.44262481 -150.02252039]
  [   0.           -7.81719933   97.12652733   96.6367906     7.8168861
     55.48847439   78.53148206  -44.81130008 -112.77561809 -143.49568887
   -162.09551089 -101.74115948 -157.41515443 -267.84583764  -78.0460865
    -52.83482367 -158.06623131]
  [ 372.97442673  375.3306877   -15.34968927 -374.15243953  370.61819319
    -13.20978695 -421.9319201   608.38369774  799.0241738   781.77513012
    879.42034683  802.25460311  790.3254996   803.77641654  743.93897761
    614.46942766  732.83552033]]]