[[[ 229.995       106.90958448  181.01004384  209.0420154   353.07985802
    348.70408307  326.34324118  206.94793298  233.61997148  214.89547113
    239.08226048  360.73133724  451.75999333  517.23127747   94.57427573
    -69.49485801 -131.28969052]
  [   0.          -59.18408928  -60.03968507   27.41453203   59.18342862
     40.81709613  115.07437689  -48.82501978 -173.7943637  -276.60898242
   -311.33645575 -125.63575137  -55.16310532 -126.52131046 -174.21341358
   -120.81692764 -164.62166801]
  [ 356.76664543  356.62215082  -25.03992385 -352.25637378  356.91112482
    -14.92801244 -330.93523292  612.27434996  787.07146516  733.3507252
    838.91086355  764.05119537  518.43663391  206.16713303  753.12822098
    501.27165552  183.9048234 ]]]