[[[ 385.97        262.3819743   302.01472464  345.94248486  509.55730695
    521.43450228  552.62924711  388.77558171  432.86876769  415.38660711
    444.14061723  568.17016475  812.83571649  942.12733045  289.39487277
     59.84269589  -66.79053558]
  [   0.          -38.81459766  -36.25933214   32.3168356    38.81418854
      8.95023253   88.79749492  -79.69127004 -193.8295271  -295.24741742
   -301.85982121 -153.86593317 -199.25491605 -371.3702286  -181.12366631
   -256.42539649 -386.93861905]
  [ 191.19603964  194.43181086 -174.86286702 -531.1291297   187.96030997
   -185.70241695 -529.97767884  428.49781051  617.88608557  582.95472432
    676.26121944  599.60594169  581.49382285  667.04329991  617.89968474
    697.85660177  839.09686355]]]