[[[ 368.2         237.61219139  134.00778536  110.06738179  498.7866671
    506.1345877   507.24041205  383.80696585  413.57027421  365.50440137
    393.45827945  545.06321649  723.86021075  864.14220841  276.14844949
     40.87132145 -163.74851934]
  [   0.           -9.91661517  -43.78681162   52.90315216    9.91643991
    -20.70351587   73.10721998  -89.40124729 -257.48954486 -359.14174572
   -400.26458997 -231.42689685 -171.23902607 -258.58016072 -212.52881114
   -133.09608835 -192.4656935 ]
  [ 437.90290699  455.72577669  114.18063602 -288.74640337  420.08020194
     50.49088665 -321.23290571  671.05538611  827.8585582   758.71384482
    855.80760436  789.35992085  611.56737884  438.95570005  827.45882246
    730.63127833  610.44469778]]]