[[[ 380.04        259.67692099  268.90239364  267.94611506  500.40232587
    488.41616801  474.9920328   379.43356028  394.9776687   367.06181675
    375.65253547  534.1034875   757.79602608  586.8780126   260.55958746
     99.24654401  194.26481803]
  [   0.          -46.3927065   -31.1378249    69.57874291   46.39210676
     68.19344514  179.99892717  -47.38349882 -171.52298048 -274.6349733
   -291.68686765 -144.70081496 -249.86887074 -375.13178047 -165.88089925
   -230.04710506 -307.25923104]
  [ 412.30401166  417.94543047   12.31282932 -360.40526011  406.66261048
     15.03273248 -359.49662125  665.42066019  856.26448179  816.33899434
    913.19727177  839.36082452  684.00309486  707.20612096  821.03072363
    639.26243277  644.27805291]]]