[[[ 477.13        358.0471455   343.79571524  296.19939407  596.21185789
    727.92322271  691.02898293  466.90964728  486.00828677  483.74836861
    489.84694392  623.67933159  946.51736338  990.21001523  351.57923225
    172.43460025  187.37770832]
  [   0.          -65.67716837 -104.45315068  -31.62124193   65.67653067
     63.71625114  175.64893904  -86.24068412 -205.61300463 -309.12896771
   -327.28543184 -148.04557682 -219.24595326 -426.15841656 -216.65465943
   -350.21553574 -445.25181704]
  [ 364.74717238  359.27744701  -13.87861159 -403.11105101  370.21685157
     13.74554016 -359.06458334  597.85712397  776.66532107  752.82698449
    842.06232179  773.5127206   791.6686323   878.9442234   747.384234
    743.1146001   834.5849795 ]]]