[[[ 380.05        241.215789    285.81046521  270.46709145  518.88323359
    610.93684658  633.08039428  363.43887096  393.31318397  356.95007032
    379.47563732  546.72942017  877.32960748 1224.75506836  242.86814315
    -32.50400316 -241.75265608]
  [   0.          -22.49370982  -33.56358585  213.22063618   22.49326323
    -52.24898963   90.3868705  -129.33762426 -285.40326244 -404.91120348
   -424.89398205 -246.76096481 -205.148543   -361.25015162 -247.88734382
   -279.21085629 -440.59826836]
  [ 334.54880945  327.21487373  -10.46966883 -214.0422738   341.8826755
    -26.56139436 -296.34264101  542.28573672  697.96260688  658.91861286
    754.91391836  678.29731249  599.98847417  482.09679375  707.83901096
    744.25798146  818.45786355]]]