[[[ 380.05        299.3467368   371.40612545  327.76779639  460.75274314
    420.48176695  332.15945656  317.90162693  325.02377567  350.73130923
    395.74853975  420.06296904  611.41250221  732.30058281  217.39546377
    -10.8773149  -176.15014461]
  [   0.          -63.28519638  -36.33627168  -55.88919986   63.28437814
    124.56562505  180.11751445  -73.47413864 -194.43919058 -272.51821034
   -299.58463121 -133.48640066 -127.53181016 -233.96697263 -199.63987051
   -252.46965384 -338.35542725]
  [ 496.58517455  487.01206304   87.94956825 -336.0479606   506.15822554
    111.15607027 -302.21467504  725.03784147  892.80745479  852.15951091
    943.74313515  897.29510217  942.36487784  935.69129297  859.40775474
    842.09635203  892.1606694 ]]]