[[[ 506.58        395.49870379  427.6888828   511.15742394  617.66047729
    697.06454584  683.24703819  533.61304115  639.49165368  605.32507946
    670.78742004  736.70836021  848.67568857  986.72308583  518.23728226
    318.97088602  123.59126024]
  [   0.          -29.39648412  -65.86956624   30.0807502    29.39597391
     -6.55843448   70.30533649  -81.52711251 -190.44895187 -284.79282303
   -307.79688386 -153.30851721 -107.70072401 -198.50464025 -176.12174481
   -216.29455312 -338.44039843]
  [ -86.23753605  -79.96090463 -431.48834776 -809.02443198  -92.51414757
   -448.29532831 -825.7596934   158.51288748  330.09971605  308.51413125
    395.97584103  241.68796626  -12.81152259 -270.43012498  380.97107084
    632.43672061  850.79586355]]]