[[[ 344.709       263.71721013  302.5972461   186.701717    425.69997118
    674.34725988  637.01626143  197.71357567   92.64255748  127.65643047
    122.4288391   202.97887475  370.45662964  477.98712451   12.72752225
    -73.06302598 -110.32356197]
  [   0.          -70.22482148 -153.53346837  -84.06752945   70.22398475
     43.01876716  123.68780046  -95.1271657  -257.6871788  -349.42969508
   -396.09492327 -205.39182807 -151.20032308 -216.89402451 -263.96118628
   -262.14028216 -322.06167891]
  [ 333.40895785  293.91918272  -21.13591308 -265.98585113  372.89843226
    110.14752637 -229.22842477  513.06695012  615.64992278  550.09239329
    642.18177495  661.39590587  575.13157385  312.9746935   525.37987732
    246.83092291  -34.72091836]]]