[[[ 297.709       184.41598933  256.28292325  283.03325919  411.0013375
    442.25679305  465.66216646  265.06075731  264.93925589  234.10609873
    240.62813562  387.03044365  509.0329158   541.74717323  148.25249555
     38.93866183   20.53192894]
  [   0.          -47.90534289  -57.94789298   49.05505014   47.90477328
      8.71791965   57.28145162  -86.46807628 -249.92435704 -348.18259608
   -390.18732407 -210.80607843 -177.25843134 -251.81022345 -240.79392457
   -215.70350337 -258.40249167]
  [ 427.39095785  423.50495169   51.97289753 -297.10632946  431.27691776
     64.15070503 -315.88330549  663.48342766  796.63933629  728.03654374
    824.77829042  790.08623847  583.42886874  272.5132581   747.71528899
    485.30467703  165.69751916]]]