[[[ 280.059       147.74297476  205.74779032  186.68992453  412.37415105
    415.00037314  342.26588905  213.73557832  200.01990048  201.34500237
    222.24194235  352.45279558  680.45606702  887.39499843   49.71361523
   -197.42753364 -216.57966536]
  [   0.          -66.97980011  -36.14569013   17.41640204   66.97912898
     73.45874832  175.01819806  -43.42104005 -135.26006332 -253.35575901
   -262.63221731  -76.39165108  -59.31493346 -278.58239078 -140.29889002
   -302.25400543 -469.96997252]
  [ 196.22688057  188.05061474 -207.90982321 -599.80885265  204.40309882
   -191.93640906 -573.28226331  445.16900069  642.71081125  613.20179586
    701.4330092   648.27137382  617.57153171  686.51512181  618.20614632
    672.69420147  889.42173322]]]