[[[ 226.892       108.76843284  165.20247166  169.37489156  345.0149324
    451.09291788  527.02101994  213.67728847  268.41078962  260.76571776
    305.24411659  379.29543085  449.2658697   462.22127298  131.16272655
    -96.61111492 -263.01014157]
  [   0.          -50.62398348  -34.37809701   46.5709043    50.62349752
      0.91363753   61.00181349  -42.4746616  -155.80493144 -250.39482876
   -276.50261908 -107.65488595  -34.07154089 -106.36299946 -149.65057481
   -126.13111052 -222.09997777]
  [ 342.6022718   344.6441809   -36.75244461 -401.00806638  340.56038641
    -41.88299187 -410.21884086  597.4094851   791.44064345  763.41364141
    857.96411265  749.12313942  508.25776006  247.42977341  773.88873451
    660.30818372  659.48558297]]]