[[[ 488.83        364.48010654  265.40689557  140.25910958  613.17906476
    653.0259128   654.07604241  533.70553749  586.53084958  525.90962571
    553.6668327   714.76442203  897.49414998  775.08809348  448.51431391
    185.11108937   61.77568806]
  [   0.          -17.2297088   -84.47859163    8.13314828   17.22950533
    -21.42723967  127.03633502  -80.87338889 -189.33584623 -282.44573627
   -281.41014552 -186.18352981 -363.23359911 -443.12587914 -145.06647062
   -188.88010196 -314.1018904 ]
  [  37.01575105   52.53129649 -268.03715757 -641.24128226   21.5003537
   -318.13792909 -658.79522144  260.66071366  453.46718779  448.99847182
    533.93691448  444.38713594  676.22357755  733.44522587  449.16758347
    629.01860441  836.08486355]]]