[[[ 256.43        118.05172701  173.66409805  160.87943934  394.80735098
    409.93397177  337.02328245  240.90817679  262.21037532  230.71910263
    248.69223796  409.22585915  698.4205388   983.6580736   109.16123551
   -188.51584785 -415.07834202]
  [   0.          -51.71153129  -28.58305145   52.41815717   51.71098721
     72.77509386  226.50528746  -64.99239566 -182.13255671 -289.19167489
   -301.90515262 -124.58353005  -70.40292748 -203.82884205 -164.22888568
   -181.63643798 -334.54054684]
  [ 329.13427366  329.9868374   -67.24475423 -458.68197307  328.28174485
    -79.61111886 -428.22895773  572.46206734  762.71130724  731.87945631
    827.58945245  747.39906788  708.85459706  713.11558127  756.17168332
    811.4903936   901.65624673]]]