[[[ 162.259        67.10124932   78.35386271   39.3329068   257.41618767
    247.48414555  202.33824152  122.97992473  152.21790251  151.88779848
    188.71091274  240.95849027  300.84270956  347.19209385   42.44908743
    -85.39061218 -117.33172642]
  [   0.          -61.47588341  -20.31439109   20.92935463   61.47519655
    104.25323362  198.42203899   -1.17695817  -61.25135935 -135.27484473
   -151.86105433   -7.4792537    66.87282086    1.25225929  -85.17186118
   -164.53183624 -226.99718351]
  [ 339.01871301  346.19418821  -59.83381322 -466.45567596  331.84326312
    -66.64931294 -432.94366231  599.98747902  828.7469021   813.92010347
    913.40738898  778.52836369  520.36038135  274.42364161  809.59469713
    728.38543638  860.32392843]]]