[[[ 353.606       257.02389016  210.69378362  194.28621675  450.18727471
    644.57054661  868.1507687   367.87108111  434.63096045  449.57692892
    483.77273808  530.32680805  747.22380997  841.97755729  322.64002114
    150.89727962  208.52409964]
  [   0.          -47.2687466   -84.23449343   -7.39094091   47.26828001
    -35.76336202    2.32165561  -80.51119367 -161.11468655 -241.40124822
   -248.78913388 -110.39797572 -165.23938407 -357.27049452 -184.99363843
   -371.5983732  -452.54354894]
  [  21.36751686   30.13880813 -294.32305638 -649.45601142   12.59629593
   -333.38652345 -641.77305541  251.70831783  455.47262758  443.90159527
    531.49832938  408.21053669  282.69295205  397.392755    460.7186145
    620.80461449  792.06686355]]]