[[[ 489.05        374.43293046  449.54250085  535.21543761  603.66628321
    649.83954861  702.36522829  459.80372181  480.81830753  468.72917968
    488.96488478  615.44699659  899.70737984  994.90589239  347.79238013
    128.22546604  118.99737437]
  [   0.          -58.177158    -36.79203451   12.26922529   58.1764902
     28.723504     69.09259898  -56.31311234 -152.26653124 -252.71822462
   -258.13907948 -102.12757622 -190.95152053 -398.69296681 -161.26320802
   -307.10583316 -401.07197593]
  [ 283.63456553  280.51544829  -80.43612249 -482.90532223  286.75365138
    -92.30333552 -499.31029384  523.18924395  722.14968984  704.98748199
    792.86353497  703.34138089  700.46863013  775.84201495  710.28167615
    808.16782136  923.34885937]]]