[[[ 253.407       126.11052978  158.31176281  143.82920162  380.7024927
    428.22913495  438.39587883  229.33361619  212.42953694  187.46901961
    195.06398266  357.08430598  642.1560629   658.73325975   74.51370882
   -176.29753038 -250.24987633]
  [   0.          -41.13393487  -16.9863641    61.66282441   41.13354258
     35.43604163  164.0050475   -79.51278713 -216.45616012 -326.79909866
   -340.2313883  -182.47407385 -246.32968969 -380.85782039 -191.2758747
   -268.33207943 -429.17501445]
  [ 355.01515233  352.48284809  -45.17495288 -411.66145339  357.54747974
    -38.35743422 -405.81454316  585.23024378  765.26784388  750.06339176
    837.2324682   783.22384501  877.59360571  842.46217088  721.84077544
    713.61455569  856.47038019]]]