[[[ 350.647       227.68244903  176.89610637   83.35527752  473.61084897
    578.83489512  649.02864027  333.88018885  350.95739603  344.02394996
    351.41463306  479.49087684  702.98799571  753.84835302  220.65704241
    126.50397505   98.29854169]
  [   0.          -65.45597718  -61.82246199    5.34591746   65.45545306
     52.99330727  161.78794044  -53.48640375 -144.53656389 -239.57832501
   -234.71012731  -88.58045046 -161.64441007 -367.3326422  -166.27991936
   -336.04697421 -437.856556  ]
  [ 109.62235912  108.50945658 -270.25619372 -673.160452    110.73528321
   -266.90725    -650.82611092  357.95975338  572.30941483  574.94681737
    657.15141305  575.19969724  682.48626314  840.7827478   537.10192369
    634.77101524  890.87081111]]]