[[[ 156.28         46.09468144    4.3279408   -65.88761026  266.46459055
    353.27205008  509.69535464  151.74753792  130.03596247   75.37905815
     74.78445679  253.83204579  424.1386298   289.38494788   19.27895918
   -161.36773819 -354.27716497]
  [   0.          -16.28002108  -41.52684031   -0.98901596   16.27991164
    -22.44577931   77.86173293  -67.17007782 -188.07509949 -263.71208624
   -280.500716   -182.89820581 -241.53948995 -319.03361991 -147.30809971
    -81.80577795 -160.19735593]
  [ 317.73820876  325.17375208  -44.71161874 -392.57836899  310.3027693
    -40.78815466 -366.88768915  547.64239356  737.06995456  711.27383833
    809.54386355  726.15147271  575.97195548  506.76312685  689.85942244
    527.10698505  481.00665456]]]