[[[ 447.73        360.68539976  388.55542298  412.55266986  534.77419575
    591.68442999  558.66598035  464.03863017  523.52741798  510.33995264
    525.62879122  613.19733825  667.00738882  637.94439774  419.71385246
    384.6935248   490.49682416]
  [   0.          -62.83333353 -116.9076479   -38.70904787   62.83272521
     45.91461258   77.17460735  -91.76926086 -244.97192923 -331.79348117
   -369.56323805 -189.742732   -175.02877501 -295.08764606 -267.39898425
   -316.91756158 -364.97516652]
  [ 383.34295785  379.27204378    9.8898343  -313.70601346  387.41380198
     57.66142729 -294.9447921   611.23672216  757.51860076  701.74876489
    803.94284999  730.4698289   498.30216835  185.30577147  721.70938322
    494.1134283   335.69080632]]]