[[[ 535.98        414.58784978  346.40318624  157.88789157  657.37112722
    787.88214252  716.6662582   557.84766595  558.5035236   539.7002638
    551.2535159   698.28444694  914.97592454  809.730552    424.42613972
    227.92947729   45.32349296]
  [   0.          -39.41704259 -108.57699533   -8.92035432   39.41656521
     -5.31985476  120.5033164  -118.9328603  -272.04101239 -379.86495999
   -393.92461847 -247.32618578 -406.04265333 -504.3855686  -246.48373508
   -245.77813485 -307.68849825]
  [ 205.43611882  202.21984506 -114.80532077 -395.68291786  208.65239269
    -86.41859909 -425.40815957  415.59399111  576.48980497  556.86106893
    646.59880056  597.64386822  830.16186355  830.11558275  529.41912924
    429.61701143  325.09167791]]]