[[[ 465.5         366.17093065  393.93952764  416.61790973  564.82859472
    601.53622724  581.41647914  501.16046441  562.54820717  537.73278228
    551.54281557  667.54971862  752.04725677  751.35646488  445.82000736
    401.95136288  452.15478021]
  [   0.          -51.75024795 -111.65037012  -30.30878364   51.74983322
     25.8617159    80.79050308  -99.09345902 -259.15018047 -353.3140796
   -388.86156651 -210.06768348 -177.73992444 -281.30252799 -268.900858
   -286.04318776 -330.02447928]
  [ 371.57495785  369.83258563   13.55467254 -302.05662656  373.31729883
     41.17646281 -284.30607301  589.20002083  727.7761492   662.8976633
    764.51736706  713.79894894  501.39835757  266.1144271   694.00953306
    437.9104916   393.0560119 ]]]