[[[ 427.11        321.95801636  360.51261103  431.25218409  532.26124476
    494.77497052  537.28266998  419.46479784  422.73902124  376.51943891
    390.31338687  550.30271091  821.99536879  731.31344537  306.05915451
    120.32065925  143.4651773 ]
  [   0.          -23.82049844   17.91862188   99.51171539   23.82006579
     51.59579228  129.72454195  -76.13902941 -218.74997937 -308.82730625
   -338.58762524 -199.03274289 -236.31671694 -302.33891015 -187.72580297
   -243.03996994 -321.5523386 ]
  [ 498.30592207  499.02588657   98.53707989 -275.09770266  497.5859564
     89.62441238 -302.10616261  736.51548064  900.1790539   857.67034744
    946.70108467  902.48056658  843.67827495  631.68251807  864.14015901
    792.70364272  864.84847009]]]