[[[ 273.985       166.24476995  220.06851294  261.31775121  381.72467439
    372.7330532   371.91573301  266.28773816  305.1254868   272.39872195
    287.6218328   420.60056605  532.19944948  502.95167252  179.7921252
     55.99809778  148.15831172]
  [   0.          -47.36422957  -70.89628676   -5.98826541   47.36365013
     21.99212846   77.65713366  -46.61938559 -174.2421079  -270.4053926
   -298.67884544 -136.43916543 -107.29870603 -214.13736046 -173.82568537
   -207.72453814 -277.97978434]
  [ 336.3857666   338.60241586  -41.16423248 -367.27373478  334.16911131
    -25.06232859 -351.27161261  587.72877087  764.96223117  716.80121936
    815.62986355  737.88447067  500.47938132  185.97613727  734.52612639
    518.98926825  505.28539562]]]