[[[ 465.39        348.44621187  373.3691955   434.71862193  582.33302812
    577.52098521  560.6967235   446.18624009  440.158933    415.44800239
    437.32882946  575.80718888  820.73442397  892.50533363  313.18297788
    130.44422067    6.60341247]
  [   0.          -21.36418009  -34.63935788   48.16682229   21.36381561
    -17.84447923   52.8063767   -81.26911811 -221.74839621 -325.67867824
   -340.63639328 -195.01271645 -242.16394421 -375.1425673  -195.03499092
   -202.86899626 -310.73906397]
  [ 429.93619699  430.1964992    76.57023169 -274.33626295  429.67589445
     65.38404495 -313.25199487  654.03944256  825.68231482  783.87879104
    880.28286355  819.37461357  752.19937704  786.59738721  797.79764428
    623.11514757  711.1071647 ]]]