[[[ 515.45        421.09137826  449.32271337  447.60093054  609.8080171
    652.69846285  715.86219489  483.14926081  487.68079539  458.2450775
    477.80736172  599.07989298  756.98726526  797.54371616  376.09113867
    167.93029612  103.54021335]
  [   0.          -48.2271568   -42.84236699  -12.56757032   48.22662421
     28.07875352   62.53887453  -52.85287712 -159.40001377 -246.16148931
   -258.05857411 -125.72564831 -198.8127204  -348.57085532 -155.11452183
   -241.53360157 -337.05490883]
  [ 345.32439475  342.06604345  -15.11334257 -401.40550891  348.58272591
    -13.19767011 -407.62688534  585.83212655  777.67565046  741.77817409
    836.19317852  775.81610288  720.26173771  771.98817444  744.81118766
    726.73888659  869.83428009]]]