[[[ 347.794       231.20950575  286.38067054  323.23005282  464.37785508
    496.74569665  485.58074091  356.67900593  404.99774522  384.25113718
    399.8351472   532.99950334  785.01586827  807.89380858  270.34685481
     70.61971803   -8.39972712]
  [   0.          -52.72837497  -30.23132731   33.57519897   52.72791572
     58.68824267  161.2290477   -57.22120478 -155.02705537 -246.42566145
   -243.98446506 -106.30411561 -184.95763026 -352.43959065 -157.38910969
   -255.13825039 -354.65565567]
  [ 221.70560227  224.27173517 -171.24083951 -576.13966694  219.1395066
   -175.66618671 -562.65096982  466.02669376  675.12244993  682.78361245
    774.70352326  645.54545565  644.86050203  720.99924246  665.37901146
    763.79752905  929.32026921]]]