[[[ 415.37        312.23448249  348.57307473  245.08308647  518.50486275
    620.21609575  644.49718476  438.50772405  494.31161146  460.3956404
    496.78505398  612.52472219  891.74472624  740.59939864  371.86061419
    146.69174655   50.327008  ]
  [   0.          -23.93619492  -99.27531403  -21.14145177   23.93580264
      8.30559724  145.53274775 -117.74907381 -249.94171844 -338.2888498
   -345.31775244 -231.4292421  -377.33758106 -503.53449306 -219.2410311
   -315.96561421 -434.72196221]
  [ -38.5607213   -42.41123938 -367.45835275 -672.70709853  -34.71018656
   -365.05857685 -662.77161191  165.64388797  328.95784036  324.04411913
    403.12769953  305.41569617  411.32590683  497.43945732  331.97342237
    557.24412567  768.42186355]]]