[[[ 456.6         364.29136361  383.93464232  381.01137128  548.90809625
    527.09620218  505.11106998  420.08074321  392.0121266   327.0656119
    311.39730845  503.33647175  645.86438111  691.71878913  301.47663087
    272.18656461  261.45266915]
  [   0.          -33.47389648  -69.83006061   -9.76769374   33.47348798
     37.62472      79.54769377  -89.65193701 -252.62410858 -334.42733181
   -364.88162422 -228.44949868 -229.3939891  -314.62796845 -234.21293687
   -232.53670969 -299.60409752]
  [ 377.56895785  374.79295164   46.17668478 -289.47684097  380.34491985
     65.58637794 -281.17772783  601.36573948  733.40726848  672.62483229
    775.38211678  728.45701307  543.39547577  251.24781974  678.86234034
    442.80578337  183.22823347]]]