[[[ 353.495       240.66100274  270.23441341  239.4958016   466.32820792
    483.29291202  470.25050035  306.84872811  289.28791218  274.31511759
    286.77092981  413.97144498  571.72556147  635.06971131  176.9075226
    115.68801745  144.07973666]
  [   0.          -43.57139591  -57.04312535   63.87705641   43.57082974
     35.10496089  102.23087832  -83.45477613 -248.87553779 -356.8586656
   -401.50765787 -207.79355146 -166.8954835  -255.6345273  -240.68813729
   -241.19174989 -312.96011871]
  [ 427.44895785  422.44255113   40.2961016  -297.41266182  432.45528621
     60.94712609 -304.5824455   654.67344087  790.10529115  725.98489947
    822.81629047  787.80967205  594.44303126  299.04930768  738.14911161
    486.48240015  256.16489159]]]