[[[ 368.125       257.31092044  192.53957266  122.45658409  478.93819616
    568.51186637  647.9332338   373.33367794  413.66258076  395.05786466
    421.09564029  523.9393576   637.25600669  681.78828815  292.24550051
    142.7839609    68.32374231]
  [   0.          -41.83199666  -66.07646414   29.12373061   41.83150964
     38.58000803  109.34092348  -80.48334201 -229.69764926 -321.07730552
   -365.73063799 -185.41687548 -128.53483536 -195.02443072 -222.70791632
   -175.69513935 -202.11953594]
  [ 392.56066231  399.75115145   25.04105813 -332.19126336  385.37020897
     23.80561508 -326.80281485  625.63862273  791.79367717  745.00931326
    844.98186355  756.95711923  533.56268112  279.05375998  765.61751247
    540.85112532  326.84937491]]]