[[[ 321.07        168.83648064  275.76662451  316.37334743  473.30249183
    549.06761987  543.16955317  299.31529704  328.19313983  322.52735517
    349.52753788  498.24562381  858.65288131 1153.69774115  150.19406609
   -266.86775646 -478.682799  ]
  [   0.          -34.44609333  -50.86288428  131.34518486   34.44562306
    -26.9862913   174.03320621 -118.05710569 -271.03508148 -405.02221898
   -415.83324456 -213.77642422 -174.24104165 -335.7606331  -241.59967385
   -279.35361963 -493.4305363 ]
  [ 349.66237334  334.5557331   -10.22540457 -287.71064323  364.76894564
     -3.10839369 -309.18845227  559.7943823   731.20670174  706.59282344
    799.12166507  730.84961818  748.49558299  724.81314462  723.95860731
    793.95960222  859.54186355]]]