[[[ 324.23        222.17763059  232.9344255   113.7546716   426.28168783
    530.72502166  571.23290551  239.02633114  195.04174131  221.57071184
    209.12520455  320.75524364  603.69211031  815.67334963   92.02158651
     56.61066162  235.56784625]
  [   0.          -76.91763865  -36.96325049   56.65759885   76.91688852
    100.04560041  198.06418469  -75.96892999 -217.85989622 -320.76930424
   -348.47606251 -144.90552086 -145.58698732 -344.47833597 -250.0001009
   -350.2774382  -461.15374877]
  [ 408.06317436  388.37964355    3.71468231 -335.10713757  427.7465576
     48.44003852 -320.30701771  630.6414651   791.5655197   770.1487987
    859.52886355  816.88533375  814.92823538  758.94044146  714.32212636
    478.13912542  456.59046164]]]