[[[ 253.619       159.25959291  242.40490646  119.93674509  347.97770345
    344.93437321  250.16456679  153.70954866   77.22423007   85.78456337
     78.91457514  199.58261695  484.32695576  610.19981533  -19.27654346
   -144.63244919 -272.03146648]
  [   0.          -73.52904946  -16.43387923   21.9686823    73.52832754
    139.90785748  231.15386772  -56.60450074 -183.8387487  -266.59120733
   -293.99403843 -123.13139019 -128.14455597 -281.90270975 -186.58020143
   -168.20420316 -218.11364907]
  [ 284.31786602  271.69706999 -149.74364683 -543.29160374  296.93859562
   -123.50512504 -539.49453777  516.63804683  678.36726494  657.98200173
    746.2589336   717.92664024  839.19909945  959.24046976  594.39087844
    377.98389983  241.02332021]]]