[[[ 406.5         293.24068674  238.46824924  150.66807554  519.7583367
    601.80162746  688.89669483  365.11165041  353.81316338  326.05964464
    340.25663948  474.4174079   645.41189587  804.69136503  236.85047549
     58.73519258  -92.31077484]
  [   0.          -33.40568017  -42.53490754   48.58066461   33.40527206
     33.07384844  110.39106224  -70.51001743 -204.34013259 -299.92732144
   -328.48019065 -165.39617396 -121.35619184 -219.0839089  -187.80838667
   -153.73440797 -241.82212912]
  [ 414.96340953  413.69969267   45.2627072  -303.90588614  416.2271131
     50.91803651 -308.56744913  637.95853901  812.0880356   767.74117126
    865.53286355  792.20526762  613.00885344  479.60932882  781.13247545
    591.90760892  475.03056523]]]