[[[ 156.355        50.48318788   41.03893094  202.33485409  262.22608893
    223.4752506   366.60127808  100.19718008   69.87072211   53.6459136
     66.55317479  198.8009975   415.0247281   483.24971787  -42.74934156
   -127.59167915  -78.81019154]
  [   0.            1.92470197  -90.94795958 -112.88459513   -1.92472677
   -111.39183389  -96.07602635 -124.84683511 -338.02628137 -444.98477696
   -461.97873664 -324.90884299 -371.88412401 -466.82569628 -300.0635326
   -354.41099724 -521.02046207]
  [ 303.78495785  295.67620797  -10.14840978 -319.17837939  311.89362983
     41.66330595 -301.35720144  486.35328244  574.70539972  539.03764765
    622.00058134  582.02323278  461.36166363  268.55065719  516.95600399
    277.06638334  337.38937186]]]