[[[ 306.48        144.18948575  132.78146545   96.51511631  468.76936329
    504.97335224  504.38553933  302.44558263  307.32299582  264.84163356
    272.97111933  486.46156273  841.56961702 1123.58683294  131.01907047
   -201.59906986 -462.85139849]
  [   0.          -45.79630834  -36.11611907   61.51196069   45.79585458
     57.70412349  231.8288609   -72.00075286 -223.80382298 -348.01077329
   -372.93472719 -169.98050655  -97.6191164  -234.89180102 -188.1021459
   -158.2276391  -322.55446915]
  [ 425.74122785  424.21130103   27.93917325 -355.19277067  427.27119931
     36.52098987 -312.67042591  674.10954473  843.17450268  806.25123569
    897.88599852  853.94651814  845.52895778  790.03811114  815.01995534
    796.83596596  837.04442175]]]