[[[ 256.459       129.72980256  171.92364933  -17.54507608  383.18732875
    539.56230717  635.5731215   179.95903788  170.1115041   210.97947082
    211.12354096  314.73848449  627.84521793  886.54533825   32.97807388
    -94.26176176   95.88794096]
  [   0.          -91.26037448  -95.701546    -12.19588543   91.25948968
     63.86076763  146.78575628  -77.85520728 -223.2903315  -334.4516508
   -375.46785956 -136.10033141  -71.31677378 -265.97850244 -260.3165173
   -363.49080091 -464.56336563]
  [ 421.88668696  401.8756981     1.01934716 -344.56190571  441.89756384
     45.57446107 -329.39503554  666.02360329  815.1622661   757.99887108
    850.44301782  845.04500455  813.24762812  700.42799194  749.90943872
    511.37370292  499.1554361 ]]]