[[[ 380.          272.65817289  211.32672762  395.64188168  487.34118793
    503.88151805  492.82392294  401.21454864  441.39281766  409.52261472
    434.9608346   551.12536262  660.12778767  678.38430801  324.62614818
    183.75196044  181.6883134 ]
  [   0.          -13.08404773   23.94247606  241.76474094   13.0837883
    -41.1343417    17.74778765  -83.53042939 -227.02337853 -319.19777539
   -357.98110264 -207.83885962 -187.9311766  -249.22811778 -202.13127135
   -151.2374751  -202.57119442]
  [ 411.32457853  424.551666     81.35929899 -157.1031685   398.09756997
     17.65398718 -329.82763223  652.85344005  817.91922444  761.16336757
    862.65686355  784.9555511   560.28845055  305.01370079  795.26325038
    551.7245677   252.65547045]]]