[[[ 300.446       203.9665597   224.72565053   93.31898309  396.92484334
    496.98556188  538.77467038  170.68462254   93.77962995  109.69048585
     90.37351741  221.57597216  516.66202761  731.58602039    1.32391111
     -5.00780884  154.6477375 ]
  [   0.          -78.60651274  -36.97980332   33.86711377   78.60569238
    112.93825198  197.67806957  -63.9933725  -189.49475917 -287.76906305
   -309.32853299 -123.38279726 -131.55555912 -327.54797097 -222.19336223
   -340.23915926 -454.05161243]
  [ 406.30865023  382.86477894   -1.6948076  -344.76390571  429.7523535
     53.04454756 -331.75655236  619.67446988  775.08296206  748.31804959
    836.20170584  802.08838033  814.51313211  761.97303128  700.50602524
    484.5737578   511.76105636]]]