[[[ 639.          551.36495588  522.40343949  828.41288432  726.63446467
    713.01033095  757.22839602  631.36856903  620.07121539  573.58327388
    611.02740664  732.55742896  911.80095403  979.34818237  521.7208998
    355.3260409   124.52504462]
  [   0.           13.39765471    6.25995476   73.25073396  -13.39773743
    -53.56805279  -35.7466678   -91.75619561 -228.49336167 -314.68090085
   -335.16627939 -237.17341537 -283.61187698 -358.40097191 -172.25094915
   -121.46529032 -191.64181076]
  [ 377.53995785  374.86270548   84.18978886 -146.58464947  380.21719724
     79.24423075 -255.49557451  584.22593937  730.65163198  665.84626431
    765.88246586  718.69884764  585.76010617  466.76684552  707.84443941
    546.71327955  477.88296352]]]