[[[ 474.21        386.76805275  529.19870299  480.0307655   561.65165928
    561.71617677  463.94997769  434.51522684  459.78761103  450.05916293
    474.60511741  558.19477391  706.454122    854.59934984  354.84662742
    219.73035742  117.73484749]
  [   0.          -59.06752033 -120.20297994  -84.5178187    59.0668949
     20.58039226   35.61796369  -68.52812253 -190.77042995 -271.47162034
   -276.27988005 -131.96160391 -115.45467889 -259.3575833  -201.17502564
   -208.74038887 -285.40005302]
  [ 383.74176431  373.3995674    56.87599232 -307.53106739  394.08389118
     63.00693829 -314.66518031  601.51562705  769.51365729  720.25388128
    827.26686355  746.560379    563.32911398  621.74290773  745.5832026
    542.9056107   615.05231016]]]