[[[ 324.08         66.42948958  466.41910013  409.84177663  581.73075518
    747.4222773   621.10837332  287.33050599  436.13207446  431.32027463
    512.27061021  690.76454755 1048.54561008 1455.98303779  129.82986829
   -358.23402738 -693.50052624]
  [   0.         -144.01663183 -751.17474616 -498.44173726  144.01500176
   -494.76735673 -322.06982442  -51.08820408 -156.02096477 -357.65679562
   -323.6059869   -54.97913014   78.07269922 -156.83631089 -208.67564102
   -304.31266885 -610.18866347]
  [-117.69595055 -138.97770726  665.54431901  387.85315662  -96.41433675
    715.31286355  423.01195497  204.77770132  400.54668319  237.687798
    360.8575552   375.45757024  187.12156998   45.31507798  479.72805585
    406.22066119  651.53338872]]]