[[[ 406.49        288.45670178  336.30045665  388.22424241  524.52265077
    547.86764958  583.46870162  436.95564608  505.93671565  484.94305517
    516.69416941  635.22308474  889.10189234  947.75933222  363.7479823
    114.65022445   21.33557919]
  [   0.          -34.78520967  -54.83894827   19.77563969   34.78484542
      6.37204967  102.19779195  -86.4891462  -196.99151631 -293.10234119
   -292.62236176 -160.80631923 -255.85397064 -430.8441262  -184.10177354
   -273.28530215 -394.82892164]
  [ 128.44710916  136.18013153 -232.34916952 -582.74174405  120.71415625
   -249.03708396 -578.92347729  356.97016659  543.46349949  523.58441522
    615.63589866  513.55304668  518.49605302  688.50112432  555.86386098
    654.30531368  833.08386355]]]