[[[ 380.01        293.95497254  261.12015894  371.75113217  466.06443064
    490.11523821  548.56430369  363.33836346  360.91205707  316.91835135
    321.67497619  455.48393733  566.79044821  599.80509285  277.70538993
    238.14450603  207.6329061 ]
  [   0.          -11.88228058    2.08903412  103.24265602   11.88207345
    -26.17636358  -22.73453019  -93.54764999 -250.41639665 -323.81971817
   -356.36243445 -234.29305384 -247.90455351 -316.2869722  -228.99348072
   -230.42962479 -282.50418778]
  [ 444.31422536  449.46168362  112.23880208 -229.81077003  439.16678955
     70.33427367 -324.26590571  670.94364138  812.93850357  762.23828551
    861.40303892  793.47383301  597.38163684  315.5400124   764.8883402
    526.7273683   267.70441884]]]