[[[ 532.97        680.78838275  643.13663669  551.59087814  385.15301591
    385.76511217  265.92404643  543.26312723  566.62559487  567.93144715
    573.25353423  428.19317681  268.37341063  268.34380657  702.66716959
    997.89799319  864.84301291]
  [   0.          -69.83438958   39.36105585 -113.21453574   69.83378834
    318.29507604  240.22040132  -66.18529859  -80.4884654    16.93833126
    -33.76535264  -51.34901752  -41.36514697   35.86800707 -146.51072171
   -116.95642726   11.42570006]
  [ 360.01699058  341.95179301  -74.48231848 -497.78152518  378.0821081
     29.42791274 -360.17917295  619.25700991  851.83438618  879.69822476
    970.06137059  845.59294083  672.90638354  538.47140988  786.44142109
    743.41895727  971.80451575]]]