[[[ 247.621       128.58815706  134.17762819  243.35179593  366.653137
    402.0163084   462.0342072   230.35885939  254.46562951  229.7958905
    246.18417018  379.89915537  532.32554807  553.45193234  118.56239963
   -130.06191357 -119.95345333]
  [   0.          -40.94272275  -15.92182434   39.94616616   40.94234453
     14.83487797  101.76743204  -38.16702578 -138.1040498  -236.47046016
   -244.54997143 -106.32503571 -184.8860291  -337.86928805 -129.17689839
   -192.81492282 -304.76221011]
  [ 378.1262011   385.19756259   -3.4028422  -405.08571724  371.05491329
    -20.24074909 -407.20921014  629.0804253   841.96866547  818.87916667
    914.00741124  819.03980423  738.03438405  835.04585229  820.7696735
    787.94068077  859.02344623]]]