[[[ 418.21        337.95069659  400.52550173  452.32664756  498.4686275
    539.84429755  598.90522848  389.64840819  366.76692267  338.80330637
    319.55534146  471.91320985  697.21686072  822.53217365  286.99972031
    253.75140953  231.10800278]
  [   0.          -40.22050839   -9.43460921   66.00743096   40.22009115
     55.38418923   88.39742161 -120.69183068 -297.57740223 -375.49619772
   -408.61747968 -254.82270705 -271.82387549 -367.89087516 -292.97361129
   -314.12589793 -367.22962561]
  [ 424.54495785  411.04417918   35.18120423 -307.53064477  438.04563862
     73.01560161 -319.95614147  636.58521182  754.95654119  703.92941742
    795.29036077  782.65149743  730.5663136   556.59733225  676.16587907
    435.47537606  196.16896289]]]