[[[ 185.871        79.31498389  114.32401908  260.76252795  292.42634182
    319.84116672  432.17870914  157.92104579  144.01538036  159.01254186
    173.05164266  268.47817546  485.0859213   496.3499908    31.66143746
    -34.80409224  -87.56874195]
  [   0.          -28.68580183  -22.17884937   43.35646237   28.68553112
    -40.57062495  -30.35535877  -92.26435267 -249.86859758 -343.94437909
   -364.57868347 -219.93422574 -306.72229152 -443.98494493 -238.17075659
   -216.02317021 -250.45931407]
  [ 389.19095785  389.52214948   31.77278199 -299.46516342  388.8597943
     18.1933016  -352.30076788  613.92527252  764.48118971  723.5978032
    815.51668425  768.8518174   685.65638118  737.32624999  708.20201224
    462.31912959  256.68428942]]]