[[[ 441.9         312.32014398  292.63071054  277.31083833  571.47885227
    586.49617116  613.93560759  459.78863314  441.65397906  381.73137169
    378.19362455  595.79115605  885.93670938  882.77988602  305.55969612
    123.03168572  -16.19266671]
  [   0.          -21.49918307  -19.78381694   78.00949271   21.4989841
     38.91969828  160.87465378  -77.9791048  -232.52508168 -333.94189415
   -367.59161568 -216.33560345 -228.47893396 -330.00511487 -185.52531716
   -155.44089013 -271.5176547 ]
  [ 465.32928361  466.9228051    70.18417789 -297.60990571  463.73582342
     74.78502772 -290.78593365  703.2734171   856.25995101  801.59306344
    895.93199262  878.91430382  821.46911119  716.99580439  801.30199265
    595.80207341  695.85066577]]]