[[[ 374.23        237.76140547  185.87426809   23.83838247  510.69735345
    631.99726194  705.32692244  282.45307106  159.05287172  110.67862455
     96.89868428  329.74551825  672.82042973  688.45683414   35.89073225
   -139.37417804 -318.80390794]
  [   0.          -40.88940311  -68.84194389   -7.86360001   40.88889131
     26.5063576   161.81876726  -91.22892449 -252.76459906 -367.22030218
   -396.16944387 -235.50122156 -286.13053045 -398.29770637 -204.4749945
   -193.30115105 -336.93339974]
  [ 193.10954796  172.0872009  -189.5457826  -525.76000863  214.13179354
   -139.19734111 -514.82725268  414.28719016  533.44227876  485.82567048
    564.40993843  619.81300317  839.11086355  784.33642523  438.39207557
    270.84448948  261.03004273]]]