[[[ 318.273       216.17610988  271.19029467  240.88846905  420.3690367
    498.52745438  455.28542156  253.28412246  189.33978184  171.80568377
    160.98753553  311.8609096   496.02521174  619.49172264   91.60156669
     29.07816837  -14.87322436]
  [   0.          -39.05357069  -82.21702727   -3.59829134   39.05324225
     11.49103392   86.19215207 -110.89666578 -307.61979581 -412.51038731
   -451.13171837 -264.96890745 -189.90796193 -233.7042647  -285.5927495
   -257.57228036 -349.72160779]
  [ 362.76895785  338.03617033   13.4778389  -330.77461097  387.50155965
     57.09020872 -317.41763598  560.02781158  650.80083031  604.50865981
    695.31429821  699.20644632  600.25662729  357.13043642  546.10497231
    277.38359785  123.55690976]]]