[[[ 250.468       151.64589654  148.52993166  161.52928734  349.28947993
    390.79497092  422.16587028  246.07865235  283.0665787   246.12167713
    258.28744758  387.70066707  470.74110399  309.54184477  163.44889488
    -80.27185341  -99.07009677]
  [   0.          -49.79245631  -10.36854342   59.97291171   49.79188013
     76.35913325  195.3649934   -20.44080703  -95.6998211  -169.37796879
   -172.59721021  -67.8240436  -160.7473336  -264.74863208  -95.10077011
   -127.84014381 -205.22121214]
  [ 378.42262714  391.33796825  -21.71757383 -445.42718953  365.50738861
    -43.8813524  -413.22709217  642.99874081  872.61304955  854.88992117
    955.48381667  825.90537723  621.92593638  733.60530296  856.64847752
    853.52039562  879.37386715]]]