[[[ 391.8         283.8108341   337.09127939  305.63852953  499.78861541
    523.44575517  520.52825393  380.3386736   425.46498704  403.66528665
    436.06148058  541.48881019  666.36782166  647.01429356  298.76715324
    222.53389278  249.35296844]
  [   0.          -57.25989182  -41.79925257   17.33223472   57.2592725
     90.62011592  175.1664905   -27.86185192 -124.68753384 -219.70506827
   -230.90500232  -77.70294934  -33.78146303 -121.73948954 -143.4495808
   -274.47227881 -351.08805265]
  [ 212.03628399  212.61909616 -191.01913888 -587.48230337  211.45342054
   -187.30405485 -556.83131822  467.63734967  667.23871352  654.72759097
    747.24688547  632.59876795  388.53620353   99.19609984  644.69872196
    530.17313504  919.40458736]]]