[[[ 447.77        365.56896401  494.18065026  409.51538279  529.97051397
    602.56253708  578.11876214  501.96773016  625.08587252  606.2300379
    670.14119004  697.68491736  733.12069193  690.76240456  509.92780378
    261.24123352   73.90572569]
  [   0.          -50.89819628  -93.95451322  -13.68650574   50.89772601
     14.28811789   47.7897207  -117.25339318 -275.48974919 -347.69676586
   -382.00602372 -215.30198193 -143.17950978 -206.71915726 -270.93321335
   -238.68008548 -311.3072726 ]
  [ 417.49135339  418.27149443   66.17884788 -320.2861699   416.7112075
     43.05958692 -368.19290571  606.96341697  707.91867828  666.59573646
    751.47225489  656.09096367  452.06691922  269.97498004  720.8515372
    761.08342999  800.16016929]]]