[[[ 250.438        96.36309455  190.12540683  212.4444784   404.5119862
    396.94149544  358.81099232  255.5321044   279.12420947  232.69145134
    252.03772109  445.00310276  667.71822376  873.14824468  110.42907105
   -112.10386829 -347.47610592]
  [   0.          -44.95356871  -54.62733343   47.05210703   44.95311982
     36.80066706  171.54658211  -74.85077651 -231.82193728 -348.70114603
   -382.94577867 -188.4866198   -95.9391238  -173.37659484 -201.54170677
   -127.12879069 -186.34633875]
  [ 400.76523543  401.70749351    1.05156779 -325.24552388  399.82302078
      7.17440535 -302.87306057  651.33845758  802.34552358  735.96377413
    839.00586355  793.39871723  617.43783151  367.2460084   773.22889141
    569.93996935  381.07836474]]]