[[[ 447.73        331.35112201  355.73098028  386.16799738  564.10808161
    591.81299971  597.83712487  407.15914457  413.32325618  342.66119082
    358.82430501  541.86637558  700.20804342  823.2093825   282.09136243
     34.27792392   -1.02565601]
  [   0.          -40.03062656  -43.21697118   10.58393117   40.0301154
     30.61778566  116.05770221  -40.73418145 -135.59227502 -235.59912783
   -243.60322283 -105.25799859  -61.17151433 -158.52011294 -120.89760457
   -238.8730711  -376.54292924]
  [  14.50159384   11.33587531 -334.75894156 -705.19266634   17.66726071
   -329.01385719 -672.55904896  260.0240453   455.48351069  416.00962936
    504.91864882  427.8794583   231.25319513  -37.367237    451.18638763
    615.78834735  838.92986355]]]