[[[ 277.05        179.44789336  148.11126966  -35.65312419  374.65149667
    523.62805148  648.77415945  221.9655127   228.89801061  276.6467071
    273.17543753  343.27905147  616.76100501  827.73615066  123.7492485
    129.25665715  321.70166158]
  [   0.          -95.24924472  -47.93967973   26.28461826   95.24835416
    106.49837453  172.53249611  -72.38435976 -199.11200605 -289.05427947
   -330.15747231 -105.88059284  -57.4189195  -259.30835767 -255.91254015
   -381.40182295 -430.27099967]
  [ 409.47176363  396.02135337  -19.5741483  -379.77000856  422.92209762
      7.77274906 -364.45426303  662.32210491  834.09822672  798.47963587
    891.4027722   850.49052867  790.55116247  678.18636392  762.59579842
    518.69090674  544.82651992]]]