[[[ 650.9         523.22871371  534.59044098  497.49520199  778.57058381
    747.12742208  693.87404928  673.16455503  707.08852308  665.28494034
    686.13192388  850.48974814 1116.15366227 1303.89203242  561.00679506
    316.2680831   104.7269764 ]
  [   0.          -33.16178765  -74.34798702   19.58862416   33.16153212
     15.04162146   89.04585384  -81.76073464 -214.84418718 -322.31867317
   -328.12049749 -172.07444549 -173.82238346 -345.29391198 -190.22324031
   -165.1483848  -301.31778944]
  [ 391.57788258  393.52727634   65.13061432 -269.64164262  389.62850335
     56.13956767 -287.64484203  616.38594249  792.60353978  764.18684935
    862.54786355  779.99227112  696.46119178  807.87914284  784.25126378
    681.49847278  811.33809204]]]