[[[ 385.87        281.63393132  271.48225558  265.83302383  490.10526904
    471.26281721  455.27728428  394.92349371  467.83821566  430.98911972
    485.62458197  565.93915585  659.36536566  735.12235481  345.79388977
    113.07911811  -17.42270135]
  [   0.          -26.47062039  -14.27362938   49.80758328   26.47009901
     76.19363288  184.09174964  -47.61613761 -158.8706064  -240.35667008
   -276.54970379 -128.92429385  -64.94459593 -128.78364926 -135.81924865
   -127.99204871 -219.01384768]
  [ 295.18910336  308.00544842  -95.30183471 -492.96681823  282.37282697
   -111.71452856 -464.16966047  553.27840065  742.58722384  697.42223204
    792.80085799  673.28555523  412.49381701  133.71160875  767.53822939
    831.46084693  905.01092159]]]