[[[ 285.853       177.0426296    97.14752076    8.2921818   394.66248525
    598.03748641  673.46643626  244.78567062  225.64297258  228.40751315
    230.27701201  340.63235011  512.99741231  567.89893726  118.73968042
     80.0534195    53.02568985]
  [   0.          -50.15227423 -118.25778617  -29.20292189   50.15172188
    -39.62464709   20.75594436  -91.88576104 -231.97185428 -331.0551378
   -347.97261746 -188.85503968 -238.34535222 -362.52710737 -240.7451062
   -344.71977229 -461.24778597]
  [ 354.3092505   346.00310636   27.31247144 -289.57479638  362.61533835
     64.44613505 -310.70656468  579.24218125  754.30044218  724.61724636
    815.59986355  765.37350397  755.61624425  688.40309019  694.53137342
    569.31909543  566.02679715]]]