[[[ 371.31        280.57651638  458.15520204  418.10718867  462.04317026
    432.69795092  349.18213127  327.19470077  346.2723686   338.1633397
    381.10652071  459.62284339  695.17680998  551.62631919  235.27927182
     61.31158185 -111.76465993]
  [   0.          -54.44646796  -61.98343513  -39.31356517   54.4456403
     45.71073253   81.90858112  -49.52966154 -159.17796008 -234.68162083
   -249.3082118  -122.85485905 -194.19402341 -296.80566349 -155.81554511
   -162.9166696  -230.35152195]
  [ 424.82763852  420.02699566   54.16789356 -333.1027147   429.62823482
     45.48344276 -368.85378744  660.22608894  839.87239758  804.51750054
    904.76842596  814.63761817  674.07141571  633.27569948  817.1662892
    668.20307915  749.84171928]]]