[[[ 506.52        392.74036331  268.69230715   61.48948758  620.29896074
    565.26028348  606.31397516  481.39230669  450.29974497  380.76255135
    398.32379718  570.85616895  634.06881939  573.13464501  334.05511483
    147.3954624    61.00927321]
  [   0.            4.75413684 -110.33927412 -106.7935315    -4.75417068
    -53.23745516    1.52266444  -81.78693102 -214.53630297 -309.47540046
   -326.05274668 -229.52598332 -319.85540126 -407.88560431 -158.00474751
   -136.87310169 -280.65429251]
  [ 347.96195785  351.78186119   53.01930558 -240.38642038  344.14210258
     63.50385419 -270.56176387  552.21641605  719.48101337  676.70070045
    772.92119626  702.28672527  531.3464319   678.50815244  689.79889484
    497.55501154  518.27108947]]]