[[[ 441.89        323.4496138   300.08348646  383.96235797  560.32965723
    569.09396122  576.12233355  425.13018469  395.89636084  330.04538933
    328.31076835  531.85333477  711.46891308  906.93889161  273.25813014
    113.11235856  -59.36049295]
  [   0.          -13.13347799  -69.09093327   -8.665034     13.13335217
    -39.356642     26.7514001   -79.06425957 -221.02790579 -319.42518444
   -338.09724677 -205.01396899 -185.80065014 -310.85737048 -178.43178754
   -142.14988047 -274.53329492]
  [ 377.51495785  375.49312868   61.23047686 -256.29820244  379.53680029
     68.26111569 -256.46204484  601.02055901  756.09719584  693.79620832
    792.41065178  765.0231756   648.92788122  634.33723435  713.09205176
    511.43295455  547.2596075 ]]]