[[[ 474.26        368.11346091  226.19969797  294.03089257  580.40555695
    620.75826102  673.23660742  494.66001432  463.21039554  416.417667
    422.99532917  578.61680539  702.00510377  667.54168345  361.42829426
    261.65055085  182.20368525]
  [   0.           18.23397243   -0.9994498   163.34425176  -18.23373891
   -113.73629615  -93.97923746  -73.78884108 -218.39962201 -310.45022099
   -337.88302942 -227.55366453 -264.99014869 -318.26821123 -169.27773224
   -115.82593816 -174.0532483 ]
  [ 403.63982288  419.20334274  165.55644531 -168.58328785  388.07642534
     45.66557268 -325.99973319  625.36665293  792.17998441  763.70689005
    859.59386355  778.34795559  619.41026992  392.1737652   735.40516863
    490.28885257  286.39752136]]]