[[[ 500.75        431.39102434  672.35855488  622.09391104  570.10873817
    586.29517371  439.15094659  465.07624562  506.88219532  553.23866814
    580.47971532  598.83193888  825.45213566  998.2753876   407.34979779
    266.87602566  196.09263458]
  [   0.          -81.37877099 -152.05078302 -107.32412203   81.37783097
     46.97930638   56.87672681  -85.66930904 -227.27692571 -303.7356674
   -313.65251062 -141.40149849 -154.36681152 -314.18462384 -264.65547687
   -292.67645591 -288.55874175]
  [ 380.52395785  361.60053434   93.50291381 -277.53244897  399.44722726
     94.3014972  -299.66686937  592.35094361  733.7993215   683.93327817
    786.14787478  728.84484524  646.79301484  625.16488229  687.17688927
    476.18292538  290.15734996]]]