[[[ 359.403       224.3945607   303.20135088  327.7904402   494.41062893
    515.00983411  480.44707542  315.11673494  296.71478946  262.25515592
    270.36285896  451.19096795  731.34117722  927.19808012  149.51133061
   -109.85810733 -258.75651358]
  [   0.          -49.53221589  -57.71749752    5.15283728   49.53172327
     19.44513309  119.48741208  -69.88109843 -197.23573693 -311.18744557
   -323.87576167 -151.88538107 -145.53373863 -318.43883156 -177.08857773
   -197.76416877 -364.69046896]
  [ 399.45918588  392.01032023   19.40755383 -325.21838677  406.90803459
     39.80625194 -316.18147557  635.58727493  808.57817265  756.71548987
    852.96836739  821.08999416  783.74345724  859.49086355  777.96281021
    668.5171981   784.79312976]]]