[[[ 318.202       183.94163535  267.93030522  284.35989432  452.46137376
    430.9258466   449.34817243  306.80633986  294.54748762  231.53456168
    238.10578908  445.38006711  653.97164939  801.10949475  153.1073158
    -74.34745983 -243.4387445 ]
  [   0.          -12.85322705    7.49566694  213.92605761   12.85306398
    -24.50407683   87.22161462  -92.34561827 -255.89466421 -368.16181413
   -389.01129337 -238.21137809 -201.86465662 -245.48330262 -207.37314149
   -142.83816086 -201.95338124]
  [ 382.14741831  383.64632706   15.52985681 -189.74279439  380.64850664
     -4.72353287 -282.27260121  595.62341822  751.82068162  731.52460487
    833.08086355  726.47373316  527.5487625   250.75449546  725.44328308
    554.29488687  340.66064382]]]