[[[ 347.622       235.17526561  289.42125938  318.20810218  460.06809246
    482.36761738  473.88069197  350.41678075  390.02528988  372.67296005
    388.06102133  513.35462423  757.01855471  798.47195377  262.92091635
     83.04990855  -18.19004685]
  [   0.          -51.65375863  -29.82675379   27.52523035   51.65324512
     59.17658699  140.42810306  -68.18812753 -187.16045818 -276.42528474
   -284.32862424 -138.66665449 -206.77960975 -347.75938857 -184.90881333
   -243.91430788 -333.96348515]
  [ 388.25600383  390.23872989    3.08525515 -401.23537304  386.27329983
     -4.88491963 -396.27880373  630.2773317   827.89175987  827.54068931
    920.96637687  802.31427574  798.68259834  759.51066076  810.26940316
    849.06945107  896.10193708]]]