[[[ 274.17        189.815009    262.74984536   84.0257128   358.52446328
    530.6695491   619.301863    156.22421371  102.10175374  151.97971528
    141.73434247  213.48708025  486.25598359  698.22917591   12.31381191
    -21.85212296  154.4465484 ]
  [   0.          -89.01990455  -68.69142517   -7.27991796   89.01908452
     92.55557032  162.59406486  -58.17229149 -176.09647152 -266.57137332
   -289.11765039  -94.41616033  -71.71862897 -262.55336855 -226.1196665
   -351.79135992 -459.13436748]
  [ 379.80089914  354.53476826  -16.89816136 -343.52660276  405.06685741
     29.60237179 -333.62123395  595.47854393  766.24377899  744.50912642
    836.05586355  782.3769355   743.60087441  649.72477358  690.77229336
    459.29118433  498.78740392]]]