[[[ 418.26        314.83647058  311.11247705  294.26852353  521.68277402
    578.56915615  674.51046573  399.49188199  429.04666617  416.21682745
    448.66823971  539.59674474  735.81531209  763.02265511  308.81083268
     63.29736569   84.38640374]
  [   0.          -35.3726586   -42.14895284   27.38578765   35.37221321
    -15.52959198   24.13457663  -53.77108968 -145.00922762 -235.52595496
   -240.80104053 -113.48704337 -182.85758675 -346.92706157 -143.62407887
   -271.50138563 -368.9281365 ]
  [ 303.8022511   310.11909785  -43.37386854 -405.3646144   297.48543282
    -65.6958434  -426.44750312  537.71562694  746.83712233  724.246513
    821.24783795  707.53888595  553.44682694  668.96427115  743.27329135
    727.11596058  853.75686355]]]