[[[ 321.06        169.36565244  285.92488589  307.48475339  472.7533759
    550.13954411  537.52561916  301.08082041  331.04301528  319.12333463
    344.29863432  501.25697704  854.88316113 1160.1824628   154.06505198
   -254.13372779 -485.01679826]
  [   0.          -33.70952651  -62.55846545  127.38642511   33.70905618
    -34.04711588  181.03825934 -129.61031861 -294.45414939 -427.14327466
   -439.57066187 -238.179027   -192.31061622 -348.77472078 -261.65415756
   -278.77636351 -481.22702609]
  [ 409.88995785  391.49055797   52.65622845 -199.11423219  428.28926252
     74.60100851 -213.96292376  614.58114404  776.69426985  746.92133614
    841.79646176  777.66287037  780.64479096  741.87329653  768.48275578
    797.98825594  832.2433297 ]]]