[[[ 4.53630000e+02  3.29395031e+02  4.17270638e+02  4.49794592e+02
    5.77864259e+02  6.37049184e+02  6.70631604e+02  4.61837746e+02
    5.07852242e+02  4.82968386e+02  5.08101218e+02  6.51932101e+02
    9.84197887e+02  1.21432903e+03  3.66928196e+02  1.23494067e+02
   -1.31877770e+02]
  [ 0.00000000e+00 -3.16404525e+01 -9.03146583e+01  1.64226795e-01
    3.16400071e+01 -1.09054740e+01  1.02720537e+02 -1.35298960e+02
   -2.96390968e+02 -4.00712321e+02 -4.13293569e+02 -2.52677572e+02
   -2.82537811e+02 -4.52612558e+02 -2.66389556e+02 -2.77758037e+02
   -4.12728178e+02]
  [ 3.34378671e+02  3.28464538e+02 -1.28167635e+01 -3.35841995e+02
    3.40292784e+02 -2.52998485e+00 -3.28381195e+02  5.43724603e+02
    6.88622293e+02  6.40031726e+02  7.32084757e+02  6.83784906e+02
    7.45485345e+02  8.15464864e+02  6.89835877e+02  7.16090550e+02
    8.04408711e+02]]]