[[[ 424.24        316.15783954  301.6529367   232.81000948  532.32135206
    590.72809437  666.39960044  408.92499772  428.92226485  412.08463909
    437.78661363  541.36217902  668.98534541  778.08362114  311.10435097
    180.14122652  141.26725311]
  [   0.          -33.85077064  -78.59304069   16.38786089   33.85039451
      5.97962736   55.43544368  -97.6485899  -260.16030948 -360.39416389
   -404.50115673 -219.43202703 -147.53280738 -222.70297752 -245.40947628
   -240.57740231 -332.44240065]
  [ 380.56695785  375.91031034   20.08574618 -296.38467016  385.22355426
     36.38710152 -303.59078077  598.74232848  739.67239081  675.14687541
    773.32467279  726.43222749  522.35034289  278.39823758  705.94278179
    493.36093855  453.74735064]]]