[[[ 486.04        374.3174894   339.00704823  353.16205275  597.761754
    583.44864875  586.73744073  520.44815916  610.72869514  561.63470606
    628.77948875  716.3350169   820.72302942  721.86169024  476.10969314
    206.74472528  165.53924352]
  [   0.           -8.13079178  -52.17541154   27.22608518    8.13038604
    -34.44854763   43.68189936  -54.08632947 -158.01016372 -245.85934696
   -265.32868183 -150.63893677 -137.24216007 -241.6380101  -127.99160539
   -216.70143365 -346.71497275]
  [ -83.78023601  -65.29100071 -411.29506207 -800.64050329 -102.26937376
   -456.15577297 -816.97336548  165.88721595  355.27890437  324.91692572
    413.83973939  272.40508812   12.10870928 -250.2667422   406.90054535
    592.02385115  842.08786355]]]