[[[ 397.65        246.81626299  236.29281304  186.712722    548.48271748
    619.35583411  614.92727889  379.7368649   399.57302132  383.65493
    404.98672894  565.00562092  899.03779604 1065.21716345  232.14869064
    -78.83319044 -271.98641962]
  [   0.          -57.21491674  -78.14681129  -25.48387446   57.21429768
     49.0503518   192.85713203  -76.17924015 -193.42787749 -312.00053206
   -323.4906602  -141.23511907 -192.42161128 -403.75236323 -178.51318261
   -225.06481945 -398.59634231]
  [ 169.18832164  167.00258196 -225.8732323  -624.62424272  171.37408571
   -204.54783339 -576.38396001  414.09160322  598.58083296  558.25175685
    647.74106303  603.80875982  725.54321516  913.59956436  587.32295649
    637.73830627  786.33731265]]]