[[[ 486.02        389.75139622  426.66459985  433.92723825  582.28795524
    652.11442471  678.6209947   525.94312186  629.03621103  619.38018405
    699.46668014  723.89793132  829.70057246  743.93193453  499.5303881
    230.8203799    99.47907558]
  [   0.          -23.99648563  -70.99803065  -17.56118303   23.99600661
     -5.35219402   52.32749456  -66.93874304 -168.95190936 -251.53277691
   -273.54381422 -146.70224142 -134.09369853 -237.30409966 -153.19390535
   -214.80918157 -324.66371971]
  [ 118.3992944   126.1406068  -224.55117716 -597.29501439  110.65802201
   -230.20399282 -586.02484442  357.55978478  532.72231451  502.36096217
    590.49336774  461.91908448  217.20321491   12.37808572  565.52661748
    654.46840363  833.11786355]]]