[[[ 321.008       191.43156255  254.00841956  244.85679606  450.5835789
    491.70980791  479.2101978   271.30128221  219.83204806  190.41415167
    179.64702217  369.81685314  633.51144932  947.77221716   88.70152801
    -79.41772654 -267.04775288]
  [   0.          -41.34029848  -42.37638621   53.70458615   41.33998707
     24.00872536  117.11137403  -92.0115259  -253.01559355 -361.52526189
   -387.07336591 -204.85612228 -128.32666385 -273.33125695 -226.25688432
   -180.59922777 -285.09092586]
  [ 400.84995785  387.2968438    25.79423362 -297.6623297   414.40302575
     58.92864552 -295.14429733  623.11852854  763.4189321   716.22846441
    809.06985878  803.33480356  800.33065433  834.34094094  694.96014671
    480.34989106  387.69007847]]]