[[[ 341.69        254.6264128   242.76297584  170.47277384  428.75309682
    419.82832503  428.29713339  337.27441442  374.36021102  365.5903022
    395.99808349  463.76936273  523.79321943  399.34490919  267.34299534
     97.14487265   44.19788486]
  [   0.          -46.67902582  -16.83837186   33.00991745   46.67851081
     99.02376222  165.51099238  -36.70037645 -146.42451235 -220.77113898
   -248.34819093 -111.29534427 -140.64150302 -209.92521569 -142.12796145
   -107.04194074 -141.26685425]
  [ 370.87164505  377.59540287  -28.11340051 -418.61954337  364.14791674
    -35.19705667 -415.74839505  612.97874552  813.07731191  799.46481772
    900.60018842  778.28365186  565.7784926   509.15787032  773.06718928
    577.94060372  471.6241587 ]]]