[[[ 571.29        468.97364113  456.68424711  408.58519669  673.6055636
    705.89673027  711.77447622  558.7189579   568.11384383  548.9926444
    572.43948492  690.25293128  941.81520556  869.66097776  447.30239518
    211.60313614  179.67425597]
  [   0.          -44.08309597  -56.14331112   23.70258216   44.0825614
     43.97557489  106.87917342  -58.50324417 -160.15183621 -253.07115421
   -265.70585912 -128.09179382 -250.32715194 -398.90713399 -153.57527444
   -220.73558609 -288.46993728]
  [ 329.83312083  331.185336    -16.04229785 -350.62917892  328.48090394
    -16.99690569 -355.77568536  565.55075758  761.87927819  740.11288519
    836.08886355  745.55513687  708.94819154  761.6753407   739.04841623
    713.83348934  708.71928415]]]