[[[ 338.774       238.57655241  258.13783208  272.01758516  438.97077661
    579.78585219  580.55474578  305.80887405  324.87831271  307.35578314
    318.77545239  429.07613143  527.19516077  567.52460281  215.93614263
    130.97763042  103.43983688]
  [   0.          -57.19954496  -97.37490002  -24.93045664   57.19895191
     35.46538308  127.68539312  -62.01177613 -192.79987613 -287.45697916
   -319.93112603 -139.30835377  -75.98589183 -155.03990341 -201.93790816
   -215.41357473 -307.44596684]
  [ 403.48120554  391.40517434   15.70570317 -342.45813234  415.55713459
     91.25039945 -290.70813179  636.80394542  816.34560305  768.93644961
    865.56586355  798.15635234  595.16247943  370.72201058  772.20979062
    553.27346019  590.80229209]]]