[[[ 438.91        315.86641256  366.09037677  358.43548373  561.95252861
    747.72649531  669.68172815  440.64588522  472.33098629  477.03846138
    490.47352076  614.99058802  930.07466364 1175.03474959  329.00060452
    113.26508112   -2.0230484 ]
  [   0.          -61.3918375  -177.34335503  -61.9254603    61.39117704
    -19.35774434   79.56541835 -122.97084161 -294.89019887 -406.61423938
   -440.76779107 -231.17178064 -200.99188934 -375.82758837 -291.69545303
   -314.95989297 -429.30482899]
  [ 380.49695785  366.73070316   36.52473892 -274.82432889  394.26312387
     97.11100821 -250.93678478  603.3619421   740.82067032  671.07540581
    768.69692057  744.20993475  646.64028744  566.40800394  709.48016448
    538.48941628  462.44383543]]]