[[[ 391.8         291.16321892  290.4566987   302.68729029  492.43604159
    483.4624064   468.25208386  332.9202246   309.15332546  302.10463958
    321.6745971   429.99839505  651.5103442   527.96822285  200.9115974
     68.64720242  122.5734942 ]
  [   0.          -47.85366884  -20.8225878    30.34454037   47.85303043
     83.57511544  176.35024133  -44.07297867 -134.25355959 -228.96972016
   -237.24270136 -108.93369589 -245.9159271  -383.14645567 -137.17276974
   -273.07931075 -335.33230299]
  [ 395.20744231  391.17511355    9.79088539 -375.00850076  399.23971736
     24.01953667 -356.63194547  628.55156865  826.45526148  796.66412165
    887.17694307  820.92765053  777.75722031  855.32452635  790.34492982
    759.58778036  861.53768377]]]