[[[ 3.03546000e+02  2.00847539e+02  2.64954071e+02  3.32918847e+02
    4.06243855e+02  3.84610363e+02  4.17586264e+02  3.05696366e+02
    3.67049668e+02  3.05895563e+02  3.34601399e+02  4.75658978e+02
    6.41026093e+02  8.10730542e+02  2.46548679e+02 -3.31056080e-02
   -1.04961463e+02]
  [ 0.00000000e+00 -3.79731840e+01  1.17093076e+01  6.50545578e+01
    3.79726545e+01  3.73855189e+01  1.12545273e+02 -4.46387484e+01
   -1.42155011e+02 -2.15076109e+02 -2.35868605e+02 -9.89571516e+01
   -3.61043777e+01 -1.16053986e+02 -1.30121980e+02 -1.56930939e+02
   -2.66780200e+02]
  [ 9.34550000e+01  1.02203553e+02 -2.94345895e+02 -6.86868164e+02
    8.47065082e+01 -3.22469549e+02 -6.97053869e+02  3.54136523e+02
    5.55779417e+02  5.19889057e+02  6.17726187e+02  5.03911196e+02
    2.89229760e+02  7.53471619e+01  5.69802950e+02  6.93707783e+02
    8.83797869e+02]]]