[[[ 435.97        406.34968523  396.94319786  602.06621602  465.59040319
    403.15278086  422.56543333  448.69360734  476.11330174  413.37626962
    425.79078482  520.12579981  569.0973756   578.03004947  422.68361609
    242.55510887  162.01764207]
  [   0.          -12.28660064   40.66670684   27.95689772   12.2864322
     40.47564303   45.63212902  -42.47639769 -112.60703067 -131.09403694
   -156.45307545 -109.79694401 -108.71891834 -114.01169278  -81.20235212
    -28.92322827  -78.51110566]
  [ 340.21934369  338.18665753  -22.56452729 -411.51363396  342.2520344
    -19.24489476 -423.16061152  588.76393967  779.80515093  754.99583456
    856.69195521  779.58741291  605.88169324  372.74153094  714.67559234
    546.51766784  690.27103719]]]