[[[ 427.11        307.96153256  309.1908434   336.48468772  546.25752325
    560.56644628  589.531779    401.70599159  409.16328704  361.43897039
    392.71394039  540.03321886  745.98142893  870.58651458  275.52451127
    -21.93777419 -198.90772478]
  [   0.          -25.33003801   -9.22049278   57.38669971   25.32966359
     35.35285152  141.27527945  -57.86947974 -180.98359801 -285.11540785
   -307.18657502 -152.5447487  -115.73919041 -232.52907045 -145.64673848
   -143.61449282 -296.37631837]
  [ 403.12887418  403.77141585   20.95894183 -360.40067461  402.48633426
     19.15626877 -340.06002325  639.60084416  825.20140763  786.19797579
    880.01602894  799.7435576   633.72468103  508.39777575  816.31240539
    808.08209918  892.16554878]]]