[[[ 432.93        335.53172774  312.84421702  286.73314995  530.32760407
    574.11375852  498.34353728  429.31072459  486.39169132  461.71912826
    514.94963025  580.8725443   668.90396143  646.34224907  366.66396327
    117.69867775   -2.37349354]
  [   0.          -40.98128824  -51.67951121   -4.97425877   40.98072408
     70.37983236  165.99664901  -36.83773862 -127.30927057 -212.28118137
   -234.68871537  -91.95249998  -45.87329015 -130.63155104 -118.31486244
   -141.06479903 -246.60095933]
  [ 265.60824463  273.10851851  -99.76721558 -494.72796186  258.10799272
    -97.34877742 -459.55566516  518.07868968  727.49337455  705.96849224
    802.55115043  666.48946683  423.46753141  188.94729406  733.53419788
    746.93685475  871.36420648]]]