[[[ 468.38        377.45613194  451.67447953  409.95933012  559.30340183
    547.96969674  472.3368252   423.97443124  428.88444389  417.38075037
    448.79276936  530.16762619  638.7983977   737.37561815  325.08730242
    209.33152014   91.8575284 ]
  [   0.          -45.82485778  -95.00065196  -43.47667488   45.82424836
     37.56120605   57.21399008  -76.50596813 -210.30188977 -297.06869189
   -322.62936346 -168.44506887 -140.26293207 -223.95701839 -206.83789691
   -176.16354718 -220.13348671]
  [ 380.36195785  375.03068455   42.42841606 -300.25989812  385.69317237
     52.83261777 -296.53896456  595.59420708  750.72370521  686.52652359
    793.3425563   725.60008089  509.54257933  345.73101266  723.24070863
    501.30842912  333.39886694]]]