[[[ 200.382       118.67085681   95.02755824   86.32560664  282.09275596
    283.52257054  278.35341894  208.43124763  292.34439232  307.23910462
    360.95737999  352.15760476  316.78793623  363.90540718  188.46311279
     14.50175546  -45.46766988]
  [   0.          -55.35376127   -3.17287969   33.30661315   55.35320911
    101.3374273   190.20110043  -33.41395166 -106.77734949 -169.76685672
   -195.12082227  -46.77431956   30.3818457   -25.93672253 -127.4672282
   -153.76528417 -210.14598104]
  [ 384.74734623  393.91482603  -31.084203   -447.71382422  375.57991642
    -42.0840926  -412.48119851  639.75328122  853.8197545   835.06781262
    934.58617045  804.87955982  593.10889532  455.64656801  843.51067108
    813.00559257  896.0833539 ]]]