[[[ 447.7         331.01876923  348.76961125  378.84638908  564.38032707
    590.52405191  594.63705519  400.34186584  395.97675695  337.86550255
    363.07377698  524.11095476  678.59329183  800.40363644  266.88884475
     28.04231455  -65.6885225 ]
  [   0.          -35.29300524  -46.56243465    4.69642436   35.29257327
     19.25836008  106.38510354  -41.57140943 -144.73397869 -251.07543662
   -262.62562525 -116.41595233  -64.84981603 -148.96543161 -124.07275547
   -214.50889833 -359.37902492]
  [  93.12865176   87.24088125 -253.24973374 -630.61008756   99.01634578
   -244.84826759 -600.48753519  331.14609872  519.39067517  485.0814827
    571.62756039  501.12356531  300.87907499   38.24281285  503.32034727
    600.09805418  841.97486355]]]