[[[ 371.26        268.32360477  311.90984048  292.07561701  474.19564921
    560.28485396  518.85811944  365.40706933  393.43302578  405.55946649
    413.99206736  517.85318037  816.7126996   785.45767535  270.64709749
    151.57352498  233.59416029]
  [   0.          -72.24542188  -57.99724032   20.20186216   72.24465986
    129.81185157  263.13402392  -87.7630512  -204.525795   -302.18496377
   -316.77275719 -146.14268397 -238.26529832 -408.56691562 -227.61252371
   -385.23912554 -452.56539258]
  [ 385.16211666  376.55573436  -37.04397015 -393.14971372  393.76842903
      7.49316938 -330.89393975  621.01964447  808.52503528  797.60030311
    889.15583038  799.78920833  819.98185419  822.20407703  775.65718209
    764.37069279  802.02666814]]]