[[[ 374.23        274.60819345  240.99384599  157.99015609  473.85105966
    558.13357048  611.53191717  300.06500873  272.78273004  286.82928519
    305.13593958  381.90496561  536.62922769  732.68425571  163.11314528
    -15.67146623 -168.19935334]
  [   0.          -55.38807242  -44.4585453    11.12762489   55.38753734
     63.20945764  120.2312704   -57.30186098 -175.28328445 -265.05570552
   -291.94280204 -117.995879    -51.97628311 -150.21250955 -180.71382974
   -150.77672066 -209.23642739]
  [ 396.35969975  384.75047676   28.09275658 -339.15597965  407.96885915
     57.59298791 -334.51661128  619.99544381  798.31229667  758.85023273
    856.65686355  794.07997909  644.11551699  601.79193173  749.47954902
    547.13039491  382.97912205]]]