[[[ 441.92        338.99459306  301.23171201  184.89780766  544.84462139
    564.9625445   562.56556342  437.22203987  461.81282264  432.06945782
    463.08316247  577.64688188  818.84482189  746.59260032  340.49576599
     82.62897271   46.89655089]
  [   0.          -34.60397906  -72.16571444  -36.32310215   34.6034906
     51.05831359  151.88888906  -76.83357935 -183.5478722  -269.07706346
   -284.39054843 -159.07471251 -270.71525123 -403.37048645 -165.08842856
   -269.18220663 -373.05588608]
  [ 169.1249844   173.95112636 -189.76134019 -548.3624474   164.29887648
   -189.95886242 -533.88973385  396.00230631  585.03692885  558.40949545
    648.06871919  569.54958211  602.93288255  688.46840975  576.10719454
    643.8126127   815.48286355]]]