[[[ 250.463       107.77978681  157.19672037  144.59556874  393.14542499
    407.37764276  335.65139201  230.74285321  231.12187019  191.93401818
    196.66211767  384.75745941  659.84051462  902.60638816   76.61922512
   -209.41106532 -423.10011093]
  [   0.          -53.52582422  -19.68596857   78.54968929   53.52537332
     61.38026163  230.9945539   -58.02057525 -162.92294403 -269.92586294
   -269.41679509 -112.91401324 -113.0724149  -282.28880994 -143.16963505
   -179.80286193 -366.51079317]
  [ 172.3021913   170.46891441 -242.57523011 -613.81152807  174.13550853
   -226.94677067 -588.35778403  419.37854231  621.22031947  598.5789681
    690.82496379  632.37811081  753.43745399  914.70171937  599.00909281
    703.60288107  895.9785057 ]]]