[[[ 486.03        392.32295397  192.85898395  157.24931947  579.7365375
    608.95000429  661.31452127  540.43451536  582.48152078  521.66736643
    551.22115614  666.08289751  625.4033071   561.89447795  480.5171887
    340.84202589  284.87222285]
  [   0.           17.65237809  -92.26013836  -40.52000274  -17.65214577
    -93.74229993   -6.33259078  -50.91153498 -152.50230182 -227.99672503
   -224.10682903 -170.54845532 -276.07347319 -328.78648792 -108.59764694
    -92.88628182 -197.51308192]
  [ 296.96788585  320.44390742   59.14347535 -321.49592825  273.49203833
     -9.66072305 -335.09529557  514.22368487  726.18658805  716.03395961
    812.58686355  680.93501644  553.70443343  733.04935782  711.26368097
    598.38895914  688.69948018]]]