[[[ 232.825        80.06557397  142.44537865   67.3950393   385.58330311
    449.9661024   323.21313679  192.97599514  158.22989391  177.75998111
    190.18297824  336.20513867  680.90128398  994.79206673  -14.45160341
   -323.43103433 -528.27813109]
  [   0.          -56.94442702  -74.81292236   34.91653443   56.94380089
     89.9587639   341.36950393  -93.50228191 -279.74418413 -416.65976834
   -448.94871921 -206.75888206  -83.70687979 -209.16647031 -257.4109669
   -217.15904919 -341.30769655]
  [ 369.37377194  348.11448185  -55.9708644  -380.20770088  390.63295927
     21.78155115 -281.38772282  598.63163368  742.23599104  691.7109955
    788.08385486  796.62667986  868.60862134  884.13847282  669.93073272
    475.60985435  313.23499549]]]