[[[ 371.3         252.69296142  258.88299851  247.06367012  489.90620307
    480.66053146  454.7642106   353.7814712   357.18627371  332.9361112
    342.07599522  496.58649448  741.69662693  559.41093026  225.58558178
     50.30258874  157.30350954]
  [   0.          -51.22820358  -29.09185801   65.94554496   51.2275284
     82.95964802  195.53735809  -46.10311318 -170.68848764 -275.18202299
   -295.89237437 -141.53264515 -251.59844034 -378.71874542 -166.00827698
   -239.35243379 -316.57664176]
  [ 425.04216776  429.04102641   20.11691056 -356.94342034  421.04331445
     25.85127189 -354.09595471  678.83340149  867.66328087  826.32357869
    922.4735881   854.21610018  716.77971311  723.86581851  830.01202883
    652.33261637  654.04246206]]]