[[[ 5.27190000e+02  4.38590785e+02  5.18071589e+02  3.68480510e+02
    6.15788749e+02  6.48809418e+02  5.50250161e+02  5.25578198e+02
    5.69288691e+02  5.51273292e+02  5.83722378e+02  6.62360269e+02
    7.40096841e+02  6.43218163e+02  4.59056931e+02  2.84670620e+02
    2.19795987e+02]
  [ 0.00000000e+00 -4.71968288e+01 -1.19147955e+02 -6.05358290e+01
    4.71963410e+01 -8.26458340e+00  1.20919059e-01 -5.80810777e+01
   -1.54618282e+02 -2.30682168e+02 -2.37882630e+02 -1.21638375e+02
   -1.98805739e+02 -3.11018773e+02 -1.58006929e+02 -1.77922853e+02
   -2.39102078e+02]
  [ 2.98999644e+02  3.00666048e+02  7.29495978e-01 -3.13485602e+02
    2.97333235e+02 -1.36681430e+01 -3.64016614e+02  5.21828676e+02
    7.25178141e+02  7.06722622e+02  8.12433864e+02  6.69117822e+02
    4.40138742e+02  5.50451239e+02  7.17223952e+02  5.88095506e+02
    5.77276069e+02]]]