[[[ 3.00582000e+02  4.95510712e+01  5.10672590e+02  4.59258636e+02
    5.51613211e+02  7.81276504e+02  6.76638416e+02  2.77465226e+02
    4.38580671e+02  4.15553600e+02  4.81558083e+02  6.81742528e+02
    9.56155533e+02  1.21483220e+03  1.42531681e+02 -2.60643537e+02
   -5.12296072e+02]
  [ 0.00000000e+00 -1.53573566e+02 -8.19770562e+02 -5.59166863e+02
    1.53572019e+02 -5.25804041e+02 -3.52780944e+02 -6.84493749e+01
   -1.88154448e+02 -3.82333092e+02 -3.49791143e+02 -9.75864041e+01
   -8.45548727e-01 -1.97916815e+02 -2.47094941e+02 -3.67105230e+02
   -6.34081598e+02]
  [-2.38620006e+02 -2.59820143e+02  6.38213606e+02  3.72362321e+02
   -2.17420001e+02  6.94814864e+02  4.14597128e+02  9.11847194e+01
    2.82838007e+02  1.17232643e+02  2.40706205e+02  2.54326466e+02
    9.46627883e+00 -3.80616929e+02  3.57998794e+02  2.45909708e+02
    5.56021936e+02]]]