[[[ 341.776       231.41855801  294.08906235  250.50585258  452.13274599
    427.22672707  366.50651503  254.89274951  194.52096024  178.49212184
    183.25693826  326.43970058  518.28638316  559.57241517   89.1024409
     49.15203431   75.28427992]
  [   0.          -46.00013231  -60.97586573   33.92088406   45.99950893
     30.30472379   69.05759423  -83.00094299 -249.53218008 -362.68945257
   -399.44274762 -214.03600639 -196.07076246 -287.77899486 -238.3416803
   -243.01996106 -344.71664411]
  [ 383.27795785  369.99350513   25.56900407 -293.20751869  396.56228182
     55.09126161 -303.50616313  593.77983182  715.52422628  664.08701611
    761.18946714  732.77266707  587.63003089  293.00940481  647.74996643
    399.10380044  140.10557244]]]