[[[ 356.478       214.31082051  270.69163113  255.54513431  498.64414345
    531.95741845  599.01845087  348.38882538  381.42960522  339.97789819
    384.53295854  532.25267359  742.69653113  941.94024681  225.93752203
    -61.28182727 -283.31964965]
  [   0.           -6.95263299  -37.89933159  227.56760027    6.95226753
    -65.43198111   94.89618727 -136.71584576 -331.2226885  -452.19517099
   -491.17878443 -310.67321516 -248.64041281 -313.74752874 -273.40077385
   -214.77424106 -294.60524885]
  [ 362.75995785  364.52270893   17.75172393 -131.30279038  360.99717292
    -21.91507296 -213.36777116  566.0737193   690.2020702   631.39309336
    731.29260178  652.91819592  451.19721779  172.88758928  701.90662652
    584.09753921  441.94403372]]]