[[[ 280.079       156.95105684   68.36826314  -55.0024545   403.20609504
    511.03566402  627.21983994  276.11244859  286.41022454  274.23001604
    286.4444876   413.8548375   695.40961775  796.95250813  159.91445246
      5.06374701 -115.69116446]
  [   0.          -43.96870818  -46.30657522   39.40220683   43.96835567
     30.4797519   158.36271633  -60.7428442  -154.25739482 -245.25932152
   -241.65091627 -106.97516374 -153.96012705 -336.98833468 -153.25740319
   -254.99311099 -390.59438765]
  [ 134.66802512  142.12465808 -224.84896955 -600.44518324  127.21147411
   -244.54000434 -594.0832916   375.23034597  589.83353512  601.94026748
    684.25858062  581.9874427   679.77492818  772.93832809  562.20908546
    675.21129353  838.93786355]]]