[[[ 794.94        697.71667578  749.70064153  753.35500546  892.16249203
    936.77480427  927.89577533  787.65080507  765.93794826  744.86358563
    763.55153822  904.07229257 1230.86104735 1150.3313016   653.96858258
    465.85705217  331.92525422]
  [   0.          -14.88450001  -98.07331735  -24.14332106   14.8841762
    -19.48542493   69.53847622 -125.1412788  -279.32246664 -382.78771394
   -396.10847959 -270.67542372 -459.33711773 -617.09837364 -239.12442128
   -249.38876187 -347.19160843]
  [ 233.52510752  219.32070036  -73.1535708  -368.00032134  247.72939827
    -35.50861953 -370.86713678  424.49436313  555.97153099  506.51947728
    597.40019569  580.78405876  683.63186693  818.50286355  513.7187074
    393.65059461  452.24378819]]]