[[[ 3.29997000e+02  2.32920140e+02  2.52874391e+02  2.76667133e+02
    4.27073075e+02  4.76944484e+02  4.58997313e+02  3.41128930e+02
    4.22965982e+02  4.04751918e+02  4.49182047e+02  5.12981047e+02
    5.98053461e+02  5.68290198e+02  2.99674596e+02  8.43486227e+00
    6.47207758e+01]
  [ 0.00000000e+00 -4.07975569e+01 -3.92975851e+01  2.93642361e+01
    4.07969203e+01  5.85219169e+01  1.37165443e+02 -5.52091194e+01
   -1.63195598e+02 -2.46302457e+02 -2.79360467e+02 -1.15764352e+02
   -5.92029647e+01 -1.40088409e+02 -1.61835079e+02 -2.18903123e+02
   -2.84515568e+02]
  [ 3.96328114e+02  4.03474720e+02  4.09253704e+00 -3.94641553e+02
    3.89181533e+02 -4.30327942e-01 -3.73538576e+02  6.46425756e+02
    8.38318278e+02  8.06072423e+02  9.04916667e+02  7.68997767e+02
    5.17518337e+02  2.74687896e+02  8.52130766e+02  8.93707368e+02
    8.57577779e+02]]]