[[[ 359.408       259.01018941  310.23949879  344.76935503  459.80523086
    452.34047615  453.96964339  343.40371318  357.36123033  333.55466496
    361.22741016  473.85286202  662.22106197  693.79857955  239.90545483
     29.18235574 -157.35070419]
  [   0.          -33.1342273    -1.55663915   56.46980126   33.13379484
     22.09079393   67.15416843  -61.0082174  -186.23862011 -271.69752785
   -288.71110759 -154.41991858 -177.94479203 -306.02446905 -164.87917181
   -136.85110443 -224.03977274]
  [ 394.80015241  396.69750504   17.16080647 -353.66444499  392.90283138
      8.10401872 -378.98968151  631.81211267  818.23247992  783.74738032
    884.81983392  792.21884352  622.03592003  610.03969835  796.25420541
    691.21408468  684.55630476]]]