[[[ 4.53610000e+02  3.28215685e+02  4.17967915e+02  4.52535245e+02
    5.79003599e+02  6.33856806e+02  6.51976350e+02  4.61043953e+02
    5.06303479e+02  4.82194812e+02  5.08187222e+02  6.51544931e+02
    9.83213867e+02  1.20541066e+03  3.64058718e+02  1.23813174e+02
   -1.30681779e+02]
  [ 0.00000000e+00 -3.22857994e+01 -9.42528873e+01 -3.81508416e+00
    3.22853329e+01 -1.09921258e+01  1.02951624e+02 -1.34297461e+02
   -2.95806478e+02 -4.01822515e+02 -4.13880370e+02 -2.52045121e+02
   -2.84032416e+02 -4.55323335e+02 -2.65994526e+02 -2.80728905e+02
   -4.18586626e+02]
  [ 3.35894019e+02  3.29758910e+02 -1.05206322e+01 -3.32723750e+02
    3.42029101e+02  1.01035954e+00 -3.26216936e+02  5.45655428e+02
    6.90542256e+02  6.41734736e+02  7.33910919e+02  6.85944343e+02
    7.47651399e+02  8.15464864e+02  6.91827787e+02  7.17609197e+02
    8.11836784e+02]]]