[[[ 409.44        348.02059944  208.29511803  377.56071712  470.85928099
    419.15613334  644.77096734  462.48275185  502.0558401   385.14992382
    435.65409226  568.18176408  589.24701712  465.93748141  422.98841926
    158.11338292    2.26982406]
  [   0.           52.24846419   14.02319381   96.09093515  -52.248045
    -49.99935679  100.52313396  -35.18912492  -93.25772811 -140.65374796
   -145.44663814 -161.63621204 -255.78958023 -306.47577537   -7.12376166
     34.88006689 -108.7673178 ]
  [  53.50585527   74.29045025 -166.43254935 -119.37003096   32.72139302
   -201.53576856  -82.99895233  276.54359693  502.9564983   491.78285291
    590.81082579  442.42533225  194.97541318  216.26805959  518.97137657
    472.72369088  594.67786355]]]