[[[ 235.775       104.37322662  187.53388305  118.94099863  367.1759968
    380.41979537  245.1428154   214.77577272  245.51420594  238.50591372
    257.34956047  383.91639565  580.33803396  710.3227334    94.37270746
   -101.51581027 -166.25444316]
  [   0.          -76.73442124  -87.66778644  -29.01745572   76.73367216
    100.84785602  227.33692059  -44.95836031 -164.71298281 -276.87562768
   -295.11731309  -92.00008062  -15.40240682 -169.65329628 -174.9588828
   -185.72188817 -330.00227056]
  [ 488.86323826  485.06768307   54.86426934 -369.21991871  492.65877573
     76.43112148 -308.6755685   745.01693816  943.28216627  911.63701402
   1013.23015698  927.63574302  754.45294325  759.22465373  909.65916758
    725.74956917  821.24807701]]]