[[[ 3.18218000e+02  1.39494869e+02  2.92923361e+02  1.47034716e+02
    4.96941998e+02  2.30797231e+02  6.51737240e+01  2.99024735e+02
    3.01286742e+02  2.29517996e+02  2.74866123e+02  4.90393401e+02
    6.69911430e+02  5.96900425e+02  1.11562526e+02 -9.98765856e+01
   -3.85215587e+02]
  [ 0.00000000e+00 -3.17262477e+01 -3.44138463e+02 -2.34893798e+02
    3.17256204e+01 -3.44365695e+02 -1.85067875e+02  3.25644275e-01
   -7.06497242e+01 -1.93373746e+02 -1.45441105e+02 -9.01260930e+01
   -1.48709355e+02 -2.56816000e+02 -3.27516177e+01  2.56172820e+01
   -9.86426505e+01]
  [ 2.03911093e+02  2.00003478e+02  6.49875051e+02  3.30322147e+02
    2.07818630e+02  7.18390969e+02  3.98364763e+02  5.02932461e+02
    7.22117742e+02  6.39457324e+02  7.53355975e+02  7.40582233e+02
    6.26907827e+02  8.12649864e+02  6.96693880e+02  4.26768976e+02
    3.92254810e+02]]]