[[[ 509.61        392.45610791  256.28556876  133.24899077  626.7628273
    656.62686566  628.75362166  562.23469043  604.84091296  553.38679638
    570.38347343  735.33001734  983.98078633  780.85376411  472.13294444
    230.65939507  214.88853595]
  [   0.          -14.82802525  -97.2926337     2.951797     14.82781622
    -12.40302377  112.21108326  -84.47129202 -223.4078016  -321.37427591
   -344.66789126 -214.64372455 -344.19152449 -436.19568033 -185.35728009
   -199.63373579 -244.05894292]
  [ 357.50744637  376.2817179    74.95318648 -282.96687812  338.73333665
     23.45556164 -300.52308693  579.40035697  752.74371202  719.45061235
    815.50886355  715.1875751   643.5054678   568.15108148  748.78088785
    726.75560354  573.34895348]]]