[[[ 418.33        321.72462007  342.52839944  270.45487863  514.93473606
    610.53681035  695.2132372   409.87281961  455.78452926  470.94149447
    511.28605697  554.33755585  645.58194815  675.32757242  340.68802806
    219.02570566  236.3334374 ]
  [   0.          -42.56902563 -131.11141812  -41.73582502   42.56848253
    -18.0421493     3.33996345 -109.79380725 -277.41646478 -372.2421049
   -411.77798384 -227.7105299  -188.48437938 -279.33190457 -279.34741143
   -298.66986516 -368.23169532]
  [ 362.77095785  356.86800409   21.18677825 -291.97921996  368.67383237
     43.73571888 -293.14904709  574.20552496  711.19476539  643.25752464
    744.22319975  686.48441184  472.04290704  204.43301868  680.56679435
    450.88391263  350.64600555]]]