[[[ 450.63        347.45776248  247.72800771  250.89583436  553.80143736
    637.08291043  628.97851422  480.16852904  527.7712243   481.61533223
    519.50260138  631.5497595   774.88396805  666.26765776  411.93305241
    170.11423389   61.92735049]
  [   0.           -8.25320019  -84.67046754  -32.71277576    8.25306908
    -62.3431399    17.784733    -68.20595482 -171.54711575 -254.70425583
   -257.24311812 -165.12254527 -277.45446644 -399.72154    -138.52060668
   -191.74355996 -322.95319177]
  [  57.06196401   72.05510316 -233.4261206  -614.96958621   42.06894943
   -266.0447906  -617.61577853  282.88035947  486.13045744  482.90191173
    572.95533906  430.25915676  327.25080176  501.65551833  495.30388878
    607.10099168  803.74486355]]]