[[[ 606.64        598.03310505  448.57961117  514.22451298  615.2470349
    591.13946803  848.57231769  756.10212195  889.6433674   766.05727
    832.42004478  872.17740713  623.13052395  640.65263825  852.08335486
    571.14878937  337.29088873]
  [   0.           59.51455058   62.98283454   59.67893109  -59.51383892
    -62.58627947  -55.99265599  -68.86270284 -145.18047346 -154.79966177
   -167.73333777 -204.32735242 -306.45151421 -231.94481212  -57.24147514
     95.87432976  -42.08840036]
  [  91.11271994  119.64922086 -163.54030681 -486.1794573    62.57646999
   -252.13486376 -505.48829293  261.01427718  436.3040492   426.30091502
    514.070927    370.74000686  340.06346593  549.45775006  471.21864541
    608.62156073  735.95686355]]]