[[[ 277.166       188.860479    232.08242397   99.2302469   365.47101692
    499.5233058   592.88117439  172.44118647  124.53306931  147.64303435
    126.94780529  243.65569796  532.56118179  773.77157088   35.67067939
     63.71023769  248.5415307 ]
  [   0.          -86.0490096   -33.90594314   45.76340565   86.04818081
    106.60345794  172.30192659  -75.79825412 -200.26642383 -294.45880695
   -314.6747985  -122.53790152 -115.62494568 -319.39395155 -247.31875841
   -383.23128467 -473.51250706]
  [ 397.68109599  375.24448082  -12.51994803 -355.43599238  420.11755395
     27.00050222 -340.88942193  617.92317916  777.4817222   752.56253105
    840.67608837  795.2531077   771.52261106  713.36665984  706.80194036
    493.74534082  520.95073296]]]