[[[ 512.38        413.53902177  405.62161655  450.88928816  611.22032819
    653.12911277  726.35134601  571.89038935  673.98429158  642.59446094
    699.4284118   770.8093964   873.79368323  806.17269166  552.78171178
    395.38720664  432.12364434]
  [   0.          -15.56351661  -44.0409411    67.32294371   15.56314785
     -8.62242689   57.98445749  -76.92495786 -202.7695948  -289.56878607
   -317.73807717 -183.03756499 -176.24132827 -273.78179278 -188.6073778
   -264.33095415 -325.07099116]
  [ 351.6620751   365.73567748    4.64387549 -348.54207808  337.58853756
    -31.51775801 -369.86285057  588.76277597  747.27989036  695.66958566
    786.56362118  681.35231145  430.6678223   142.36924222  776.9178305
    806.00267692  850.82286355]]]