[[[ 438.88        358.52464642  426.43179155  346.59989229  519.23475631
    506.4276174   431.26649538  366.4139458   334.54640721  307.85736186
    324.40830705  429.3752031   521.50928279  401.33163202  243.12417082
     54.64590367   64.50616394]
  [   0.          -50.09077849  -49.34014855  -29.55505528   50.09022649
     67.67203209  120.3123198   -53.43585054 -155.6717838  -240.54506865
   -253.95663026 -138.9358006  -297.96784968 -389.82413411 -146.56989806
   -252.08265713 -353.88422202]
  [ 352.62247565  343.60950037  -26.18047851 -381.61098099  361.63538812
     -2.18844301 -384.13389608  571.91313079  752.68414526  733.54263932
    827.26386355  763.21701869  786.98413768  793.53394418  702.71356229
    636.49773914  752.38689434]]]