[[[ 374.25        230.9752804   291.62481073  260.3837573   517.52367724
    583.01191144  649.01311898  369.11605479  412.59824871  377.70734339
    419.54918105  566.75384457  850.61448058 1136.2497944   252.6239789
    -75.84742728 -309.78917451]
  [   0.          -14.03489729  -27.11172905  236.47306023   14.03447473
    -53.07478623  105.46412164 -131.82256624 -306.88944831 -428.09809434
   -460.70330595 -275.6327253  -216.65153858 -321.69020611 -257.43032444
   -228.49644204 -359.66968537]
  [ 377.45595785  377.48324962   23.07728764 -150.20231169  377.42862979
    -21.15764676 -230.51701851  586.27209687  728.8153775   680.22047616
    778.42370734  694.18579716  540.35956907  309.87045893  748.38143793
    708.67711338  688.74743038]]]