[[[ 3.50647000e+02  2.30760502e+02  1.79337023e+02  8.57396545e+01
    4.70532826e+02  5.74196086e+02  6.46038770e+02  3.33497173e+02
    3.51826127e+02  3.46438873e+02  3.53300566e+02  4.77802264e+02
    6.99392235e+02  7.60886348e+02  2.24145720e+02  1.30095377e+02
    1.00344381e+02]
  [ 0.00000000e+00 -6.59144526e+01 -6.30727481e+01  2.83719596e-01
    6.59139259e+01  5.36819611e+01  1.52438290e+02 -5.37197521e+01
   -1.43254669e+02 -2.36549502e+02 -2.33560230e+02 -8.55254263e+01
   -1.54005502e+02 -3.59489957e+02 -1.67103965e+02 -3.27410417e+02
   -4.22369684e+02]
  [ 1.49923468e+02  1.49320672e+02 -2.26778661e+02 -6.28208758e+02
    1.50526277e+02 -2.24349443e+02 -6.07742380e+02  3.96657800e+02
    6.10234477e+02  6.08968593e+02  6.94076057e+02  6.04829431e+02
    6.53117462e+02  8.12108733e+02  5.78500981e+02  6.63115489e+02
    8.83231226e+02]]]