[[[ 368.326       247.68164725  310.9285649   377.39812965  488.96980919
    503.46865675  520.65040319  397.27262735  468.17417422  425.83815593
    458.61621026  598.46814672  804.73907101  755.26902213  323.94987666
     51.49229924  -58.34187926]
  [   0.          -39.40525137  -39.91566519   24.14769211   39.40476542
     15.39517779  120.59532053  -56.86130824 -149.42328672 -237.41051965
   -235.59932031 -119.83886827 -223.48436102 -381.14358589 -137.78097019
   -186.43299118 -324.00360348]
  [ 178.83270586  188.97663274 -205.9699568  -557.25649241  168.68887781
   -223.59206059 -555.52964964  426.18498414  631.15004736  597.18357773
    699.55051667  587.76805577  487.35062645  692.16549161  650.37471351
    656.13233045  847.85986355]]]