[[[ 465.51        376.80378601  437.63926673  500.51104588  554.21580662
    545.46914421  582.11270523  459.71039463  522.30350135  523.64161387
    572.00737326  614.41187343  724.67752764  804.90400451  406.46896637
    193.77718604  157.36557772]
  [   0.          -39.74157756  -39.39005689   -7.78310689   39.7410767
     -1.12031916   -2.9580619   -45.17789396 -121.95380531 -201.33006936
   -198.76423129  -80.13291236 -119.00994548 -282.09567423 -132.46735403
   -210.8680329  -299.77093674]
  [ 306.97131211  309.62427831  -32.95735783 -385.52906749  304.3183616
    -53.62632572 -410.81787369  544.53649988  753.37320628  731.06849709
    836.20886355  697.924147    466.19209632  654.83175057  757.57365706
    680.74082342  831.35132784]]]