[[[ 253.505       156.82358641  115.24414145  -77.20489858  350.18580228
    506.67464712  623.32840524  162.08036373  143.16680444  183.29290263
    173.60542261  259.60764161  535.82231035  781.79113109   44.33032547
     50.57084366  270.5234867 ]
  [   0.          -98.77571776  -59.60282731    2.45129363   98.77476363
    115.28777884  179.80925268  -62.88057401 -177.44796963 -265.16020455
   -307.28031347  -86.40934373  -31.08041983 -235.58947807 -236.28416014
   -365.09756382 -409.50998211]
  [ 427.14603743  409.16447184  -13.78723835 -379.67117074  445.12749941
     25.83551146 -352.45637679  680.98131453  849.7774659   806.21464952
    897.33120816  874.5685801   822.04850155  710.90266726  774.11808727
    518.31286264  540.29174633]]]