[[[ 347.62        239.71150067  271.68017241  247.32924288  455.52771832
    482.07980696  466.75055252  303.35239779  286.38175112  269.24775199
    277.43698473  408.40238988  568.32480018  612.15257896  177.41077454
    117.55031215  153.8212276 ]
  [   0.          -45.39895288  -56.13023066   60.90517099   45.39838911
     41.15316148  105.69696321  -87.35007322 -256.27410845 -360.90916119
   -406.97228655 -214.82131457 -180.40050207 -269.14602219 -248.51753376
   -249.13930118 -314.71542917]
  [ 427.42795785  421.23639957   36.07381315 -306.72251347  433.61942998
     59.92557384 -311.48550581  655.58217726  786.62151088  723.2605078
    819.51245906  785.58960704  597.49956688  298.58292322  731.77177322
    478.64868055  241.55751037]]]