[[[ 241.662       150.76064307  174.90300671  195.66019544  332.56297001
    360.82430011  359.07199785  216.14713571  281.84066133  302.25512733
    345.49376231  362.19859591  387.4177119   445.03716544  175.85963207
     83.41119319   88.42356299]
  [   0.          -68.6932414   -43.10474799   15.01683667   68.69235305
     90.0378748   154.06968638  -30.28671866 -116.28982728 -193.64000827
   -226.97547062  -50.74986117   21.82341475  -43.50521762 -148.24924992
   -143.31277144 -155.5902174 ]
  [ 373.28427365  376.05350087  -40.22850631 -418.89630758  370.51502806
    -33.86533398 -391.96739291  635.68463411  836.58734538  801.74058195
    906.12858123  782.75603662  508.74729554  228.76209574  814.5194774
    561.81729446  416.13905394]]]