[[[ 533.14        415.6935093   419.53454186  461.18526315  650.58560903
    653.4362656   653.83723907  565.75654144  657.78518262  615.72125595
    677.53277224  767.76299065  854.62099447  958.82470855  523.25824786
    288.3909962    88.66558765]
  [   0.          -15.40115843  -47.7704924    57.24612081   15.4007798
    -21.6240779    38.9745532  -106.00156215 -272.02194406 -373.4690264
   -414.59017666 -241.73911074 -176.50128945 -245.86502245 -233.36118795
   -180.6790757  -256.21505424]
  [ 401.04795785  412.19981909   74.38084069 -292.80337313  389.89614522
     30.82922567 -338.37976949  627.85185601  754.87100672  697.06768795
    788.84725568  688.22484967  448.57135664  187.09855563  784.57631115
    792.33872272  754.2747405 ]]]