[[[-276.319      -183.92919224 -444.14318575 -556.6163963  -368.70769263
   -590.08931509 -296.02968255 -213.69766419 -139.38445745 -203.93730592
   -168.77219751 -263.7654837  -610.09654779 -847.27528658  -48.43804091
      2.7657287  -142.54874728]
  [   0.           56.36343137  162.08825372   19.1687467   -56.36305321
    129.54910625   87.70549638  -57.27613503  -27.76658145   79.92819531
     44.84255972 -122.8564974  -241.42708409 -123.66954819   33.26264691
    199.34325094  260.33528356]
  [ 379.77281383  397.12654939  -43.61806397 -515.13056135  362.41927106
    -17.08303045 -421.88030398  632.17254534  874.35059006  898.24051327
    994.10037518  868.34065314  849.66805082  924.27820538  806.89664592
    620.42008461  723.89610519]]]