[[[ 294.687       200.81403414  239.03908126  100.12832068  388.55946959
    508.99911407  584.41356891  196.46772112  150.19932692  167.86625565
    149.51184746  273.78900992  560.58963839  767.06128938   58.08185064
    110.18111427  267.69413618]
  [   0.          -85.30772629  -36.14159549   50.93215544   85.30684995
    111.39535747  184.39557101  -68.4633954  -190.73998214 -288.41643103
   -306.89129399 -117.9574652  -130.77097293 -341.14160845 -235.99034998
   -367.43072404 -461.73065835]
  [ 388.64515082  367.94062984  -19.94536449 -360.6986547   409.34951868
     18.13821953 -348.03321303  615.15401677  781.75745115  756.25718853
    845.61580552  797.08386911  764.16086458  705.94613045  711.55366316
    504.66703772  512.16177656]]]