[[[ 497.81        409.69263279  388.29148957  406.54116156  585.92663322
    685.13748368  824.24089834  503.96719171  529.85517229  498.99452213
    518.77865809  627.38849621  751.46478452  802.99778403  435.79500916
    357.87788727  273.23277318]
  [   0.          -18.59054511  -78.02276465    1.1781449    18.59028843
    -18.25341031   -1.77718863 -114.29604342 -280.72394222 -360.69219419
   -395.46976516 -258.13710546 -268.20486964 -343.90920202 -260.21193562
   -247.2008411  -283.30129837]
  [ 362.79895785  362.04400665   43.88626637 -274.51971365  363.55388786
     42.91367233 -281.76622622  569.04128913  699.95047583  638.8282878
    741.22971698  674.4915861   480.88059224  219.79082052  666.40318832
    445.95927386  221.36672578]]]