[[[ 297.668       199.93731391  248.69135608   68.51455667  395.39806219
    524.88761353  599.80518139  192.58436537  143.31546275  154.68495094
    138.16488655  266.16159936  524.43873613  767.05222871   41.04806613
    -43.61192686  139.83245388]
  [   0.          -82.86026647  -61.2486887    13.59285374   82.85949065
     96.09558233  185.54352826  -61.34285742 -176.86276435 -274.87957641
   -292.54012267 -105.89280559  -86.59262487 -280.69150232 -214.73018842
   -339.98617202 -453.3377085 ]
  [ 371.53477801  349.69165471  -25.73644883 -340.88758091  393.37774999
     17.98182728 -321.08951871  591.16839696  766.3853689   740.79720971
    833.09686355  781.30851835  709.9810585   643.72694505  701.28567741
    469.13203018  516.7947486 ]]]