[[[ 533.12        450.25559486  524.8406348   476.88654281  615.98409712
    637.94873018  586.72377232  484.32584539  455.89315221  454.79788619
    463.34167112  551.39689171  608.31238091  613.10776338  369.39758888
    349.46980235  359.41651263]
  [   0.          -42.29793987  -90.45340339    9.74470746   42.29756246
    -27.65663676  -30.71362785  -69.76382825 -206.27232264 -297.35551465
   -307.59549801 -170.64229844 -190.35256922 -287.90484127 -210.01350203
   -223.30481354 -282.25818816]
  [ 384.54644168  372.03261431   80.5676985  -220.43070415  397.0601365
    101.03458391 -268.62971362  590.91304818  754.22297854  731.55937433
    833.19086355  751.20177611  571.00316967  452.90887717  687.38269072
    441.2443635   290.59733017]]]