[[[ 656.78        555.38636684  517.60387822  468.39583818  758.17311374
    770.64791177  733.90854566  680.46937592  766.96753582  738.26918715
    791.7788173   863.09871671  958.48008774 1138.5116613   645.58353535
    452.93016451  301.81160045]
  [   0.          -34.08059576  -84.20418806   12.75396942   34.0800585
      2.51517974   30.69280444  -65.80087227 -174.8718777  -265.15685799
   -282.60031046 -132.05892747  -89.95494333 -201.19191756 -171.08378262
   -155.79009507 -241.35842317]
  [ 358.51799962  368.19338469   75.64542816 -287.92602079  348.8426618
     22.14951967 -337.39193118  593.66857833  782.07220038  747.04611528
    853.75586355  710.34237997  460.25733922  374.50912732  804.93964287
    683.63262355  721.38391428]]]