[[[ 391.71        276.10968668  276.10640019  287.47615184  507.30967977
    505.79082846  463.14578981  387.52085323  410.7088749   387.16154456
    406.89706327  534.93840016  731.50503099  918.7752898   279.55546526
     52.8992654   -85.38735929]
  [   0.          -33.88177766  -23.16925611   70.63369701   33.88143158
     28.9659397   128.68604675  -61.5852007  -169.35660375 -268.53253596
   -270.63227039 -126.7234882  -116.66431408 -275.93099824 -154.41712385
   -164.4970333  -296.03533843]
  [ 373.85830799  376.99899974    9.27589564 -367.65363467  370.71764926
    -11.02736948 -380.05183145  609.25201518  810.15470016  785.24126519
    885.53513943  787.60272885  671.85676526  817.58821222  795.49064225
    714.78067293  839.70896931]]]