[[[ 439.01        348.84337339  346.84438578  315.83388607  529.17592712
    544.58601155  533.55360627  452.03081294  526.63772424  505.93244892
    566.85322085  611.92151715  688.82182202  660.86009596  413.24307335
    186.31173494   21.95657178]
  [   0.          -33.62208577  -18.76270658   24.81158691   33.62160298
     93.97060027  181.37651513  -43.76175023 -144.17105183 -217.65366627
   -248.04609256 -111.40554797  -65.68286384 -126.45076798 -130.26674935
   -119.01760429 -187.40621198]
  [ 345.75074223  356.20581532  -41.20607459 -448.36436577  335.29571796
    -48.381544   -417.37873361  596.48478683  794.73126109  776.16181582
    869.94965     727.99164433  483.06170851  239.76211204  808.19280795
    850.35054946  911.017108  ]]]