[[[ 418.24        329.44339827  257.38309746  151.9449994   507.03603545
    608.42458451  727.16933251  400.76812831  470.62985526  465.22469905
    531.71559434  544.432984    586.62164558  647.87159553  365.53393726
    117.83300859  -91.64011512]
  [   0.          -44.36452171  -25.83866722   15.1425712    44.36390345
     50.35109055  105.34673055  -47.4547699  -122.42228247 -188.87818714
   -216.01313545  -81.0889526   -20.74437442  -96.09170704 -120.98421684
   -125.89606873 -226.70200526]
  [ 159.396818    166.8851745  -209.26343416 -612.69101513  151.90850959
   -228.89198086 -607.23195872  419.27280265  633.96515505  614.87682375
    708.72209388  567.22029375  302.15503919   66.05386648  648.41664843
    726.00594438  877.15383312]]]