[[[ 297.696       158.39072477  126.10337799   38.46649156  437.00047992
    475.96764283  587.02708276  299.42544414  310.38642322  243.42574425
    251.58323072  450.97757272  601.90467698  793.70885584  171.01474748
     -5.89499369 -220.1824718 ]
  [   0.          -26.26539702  -43.64946049   87.8798076    26.26522667
    -10.45400403   95.43481302  -67.82465585 -203.19133535 -301.34689095
   -327.33916739 -176.70248116  -97.96151297 -190.09932754 -167.22345531
    -85.30554953 -187.65390008]
  [ 371.73004718  376.73508006   17.64733773 -282.06186556  366.72509367
      1.75265578 -296.46664246  615.96317618  790.87892423  733.62294261
    835.99386355  773.1134487   565.29090043  416.25592997  764.60174335
    543.91978305  510.30021964]]]