[[[ 459.42        351.82968582  317.53389877  315.57956391  567.00931721
    590.62753146  638.83185671  499.50550943  578.32918684  532.23058887
    596.02928199  682.0633962   799.36032774  716.19087058  452.26759953
    160.37550755  -30.7293305 ]
  [   0.            3.17543669   -1.19173019  115.35425038   -3.17562056
     -7.57216227   79.01166041  -83.44638027 -233.89775486 -319.7395648
   -360.19295796 -227.60986727 -203.63553737 -274.81299135 -178.24715222
   -112.90224093 -189.37559322]
  [ 433.47637281  453.33727826   70.6240133  -293.52067574  413.61561108
     28.77423389 -329.13771567  662.5035248   818.35661034  783.05069111
    876.62908848  740.32898448  488.11011728  265.85161918  852.51139502
    857.72556882  816.44911334]]]