[[[ 277.031       163.60665785  220.65151903  270.49712089  390.45473422
    386.04025772  375.46227654  282.3035933   323.3167641   282.84310121
    296.29532282  446.30428696  580.87359071  532.90559328  191.97961527
     58.41664119  147.79849735]
  [   0.          -42.29865685  -80.59567153   -4.7068239    42.29813259
      5.29288831   69.07659278  -52.55463904 -187.97749735 -287.26798194
   -313.23416481 -154.60897703 -135.3343412  -246.55543694 -181.52638813
   -213.10392495 -290.07401547]
  [ 340.873909    344.66731237  -26.12859616 -356.36534981  337.08051218
    -19.2694671  -343.02506266  591.89629652  765.79963906  716.72449709
    815.57886355  737.64470929  504.59841227  193.8367033   738.80877275
    531.08075332  511.57026299]]]