[[[ 515.49        429.89817008  466.72220644  380.24257186  601.08130834
    629.20926574  612.41972107  476.97168496  492.99541214  528.42585437
    564.87325351  592.62761903  780.46701744  937.39332082  383.94419086
    189.63773143   71.20352454]
  [   0.          -53.2284868   -57.03987701   29.185956     53.22786918
     60.41367421   88.55920191  -69.67245386 -182.16634916 -262.71814812
   -280.18913603 -122.39705368 -134.11316035 -278.25304988 -201.31150482
   -207.69396208 -230.04149732]
  [ 394.92025371  385.65788374   39.38522337 -297.65014102  404.18256086
     43.78726873 -335.22123545  613.20078531  796.93051824  754.43791833
    859.45986355  774.47612929  630.07547405  660.41335254  767.86543608
    564.95856533  382.02733013]]]