[[[ 462.57        352.33624058  385.14844346  408.80740386  572.80297833
    622.35315897  624.13111539  443.93483729  453.88058385  441.66161641
    466.80658663  579.51633131  835.41025929  943.30364235  327.95483422
    109.48898716    3.68442636]
  [   0.          -38.38924561  -50.18638389   26.80659138   38.38877848
     12.11546198   93.54682309  -74.69195324 -188.35445041 -290.10058487
   -294.57183756 -149.56565397 -210.04126093 -379.45287798 -178.83467067
   -268.63676462 -405.30833529]
  [ 333.33397996  329.48360734  -23.26218395 -372.17289892  337.18430787
    -17.10318222 -372.93625334  558.04599805  750.85821053  730.23725403
    822.18093867  738.34815483  701.92376062  726.63034867  732.97934426
    755.26405798  859.73686355]]]