[[[ 436.          579.92350034  545.70508288  513.56413183  292.07773089
    309.12409396  378.58082681  426.00528867  415.00148959  371.65339366
    381.23048943  265.62382752  -43.87687913 -148.47473972  566.0270326
    822.85116415  752.88762749]
  [   0.          -28.30537735  108.14679356   -3.80747014   28.30508508
    182.18923738   63.4891505   -47.25077105  -41.68476537   67.04403765
     16.23556192  -62.53792726 -113.2049096    -1.48426506  -66.2085858
    -41.96089896  101.01616379]
  [ 325.28148237  327.7324565   -83.39512959 -492.11479468  322.83057288
    -79.4070167  -491.20769249  587.3416226   825.0721734   822.69393254
    925.36427705  794.35143504  761.57495736  846.88294745  792.75125082
    700.67947927  672.62021848]]]