[[[-208.591      -138.0193366  -508.07028365 -659.92560171 -279.16220742
   -329.80085531    2.4852861  -160.12389107 -115.31244474 -190.96056508
   -144.01420023 -227.48435104 -618.46483022 -797.45515624  -42.957088
   -148.26102539 -509.16881722]
  [   0.           62.41007243  175.28526351   75.20210541  -62.40961183
     73.7665892    60.18106102  -72.23888174  -78.83064775   18.54618158
    -32.35236052 -175.23304303 -241.59287128  -79.76113499   21.62879681
    300.7695033   240.34545627]
  [ 400.62408888  422.07704979  -15.42759421 -514.09959872  379.17138177
    -45.07566034 -488.14018094  663.04325141  893.46074794  911.54620522
    997.92652995  876.33857941  838.02704163 1008.0806876   843.9759593
    748.56048666  957.78223504]]]