[[[ 491.98        405.72416077  401.02204707  412.95275167  578.23518186
    658.89311372  799.94820395  483.15419268  479.48285565  438.19549234
    451.52307844  583.25862408  782.74033995  857.20558743  386.2182738
    194.24000619    7.75569919]
  [   0.           -1.67088251  -46.12303796   11.04508071    1.67088337
    -50.34874114   -9.00179545 -109.88798575 -247.56171499 -325.35803658
   -332.3611194  -242.64929913 -356.93954586 -493.70200793 -203.55987509
   -200.71138894 -306.66534547]
  [ 325.48382648  323.15164143    3.22453267 -313.04551246  327.81602178
      4.85931593 -327.09023162  523.1490447   680.58758179  649.38417168
    740.65635902  684.27815405  709.23259569  792.03986355  646.83623017
    614.65013499  682.74495554]]]