[[[ 241.662       150.90741755  176.95824718  199.15301194  332.41622278
    358.92788954  353.74281715  217.07720637  281.8996318   304.56865638
    347.57264062  362.70933236  390.80988007  452.0956956   175.03276803
     66.53008221   41.71695538]
  [   0.          -72.551363    -42.54167802   18.98881397   72.55041781
     95.78340349  153.87344758  -34.95144692 -121.10246814 -195.24364839
   -228.9340656   -52.28042539   21.10322499  -35.43495669 -156.8932594
   -139.60661454 -135.46981499]
  [ 379.01326337  381.53931172  -33.82220377 -413.96043129  376.48718866
    -29.21698225 -388.74902807  641.47600334  837.54728511  801.40423506
    906.92169466  784.86427937  514.26932023  231.21701244  815.95375831
    563.97428291  279.71406105]]]