[[[ 468.41        367.98742122  387.74653731  434.84670402  568.8320781
    602.00211512  560.72734694  510.41367982  584.03834749  556.86068745
    576.97033818  687.46322734  751.28881871  680.25323146  462.53365643
    384.37423666  505.63566741]
  [   0.          -51.45137293 -131.59426287  -52.38611892   51.45089946
     13.16838848   64.16435107  -97.40613133 -260.09080237 -355.76376148
   -393.78055315 -214.61067487 -197.24076258 -313.90990199 -268.2137331
   -298.83221219 -343.22844678]
  [ 374.51695785  375.59556359   26.87446726 -318.57138215  373.43832621
     43.1962221  -304.00762308  597.93067488  728.47522481  659.68465693
    759.14887379  704.76888513  468.7464299   155.51186788  702.06340308
    460.36058085  384.2618886 ]]]