[[[ 382.94        273.53923852  281.43384683  272.65882825  492.33993895
    480.37889099  462.64007476  394.88435198  470.13181637  434.77770398
    487.26246942  572.36563937  668.88813264  744.43927086  344.04518201
    123.30457058   -3.23389336]
  [   0.          -29.30516047  -26.21303494   46.25545393   29.30464215
     66.20323187  172.30075261  -55.81795259 -173.98846077 -260.1589719
   -296.09238892 -141.05791992  -75.292034   -140.55814987 -152.28399889
   -143.0994643  -227.7516716 ]
  [ 336.14673714  348.14889776  -51.27634341 -443.39435165  324.1446391
    -66.35146182 -417.08258416  590.95163009  773.52972399  724.16935782
    820.27694122  705.50422727  448.89690453  171.46140302  799.15390721
    858.27774827  896.3960888 ]]]