[[[ 5.36050000e+02  4.58458857e+02  4.12551482e+02  5.81043501e+02
    6.13640746e+02  6.75464451e+02  8.22651415e+02  6.19145618e+02
    7.36192056e+02  6.95705854e+02  7.46395072e+02  8.17543036e+02
    1.00469854e+03  1.15384987e+03  6.41869197e+02  4.83730705e+02
    3.58170262e+02]
  [ 0.00000000e+00 -1.14576541e+01  6.08663675e-01  7.25144913e+01
    1.14575207e+01 -1.28547081e+00  4.92849182e+01 -9.94992723e+01
   -2.08281393e+02 -2.76377353e+02 -2.90139674e+02 -1.82761483e+02
   -2.37314201e+02 -3.82957344e+02 -1.86475874e+02 -2.10588909e+02
   -3.11866385e+02]
  [ 2.59904437e+01  3.92776223e+01 -3.01497969e+02 -6.15822547e+02
    1.27033776e+01 -3.45839868e+02 -6.45380961e+02  2.24307486e+02
    3.69872281e+02  3.27580630e+02  4.14627589e+02  3.14703519e+02
    2.21689417e+02  3.18360223e+02  4.11103026e+02  6.06436437e+02
    7.74319864e+02]]]