[[[ 153.432        36.35603565   63.46155448   41.56742077  270.50707159
    425.29545635  279.56218955  100.34701197   85.79608375  100.26251988
     98.44064496  216.14807057  453.50041632  574.43213045  -40.19100726
   -162.28566076 -123.71615769]
  [   0.          -81.16800618 -113.5921911   -44.14771151   81.16735243
     54.42383979  200.75298417  -50.17611547 -174.06095884 -284.76661976
   -305.45761477 -103.4353878   -85.68822912 -262.89386725 -194.5526994
   -264.37739976 -399.77605137]
  [ 355.50399735  341.42899611  -59.8001944  -409.76243404  369.5789336
     22.63622235 -333.42116675  603.6038264   796.5205658   773.64279504
    870.32343139  806.7278644   746.89525609  796.83278312  734.81287433
    517.78639564  664.6523926 ]]]