[[[ 341.776       229.09726426  291.43982037  245.71640078  454.45401328
    427.35199334  362.79393681  254.54758779  189.63678213  168.1485895
    170.16871896  324.90705171  518.70758699  559.22208033   82.52884942
     39.14463749   68.08124447]
  [   0.          -46.87480325  -63.97025989   29.02389259   46.87419209
     35.8082279    84.54768438  -79.29233731 -244.88932034 -358.42428645
   -396.81679753 -210.37313101 -184.37461979 -276.4365241  -231.44338171
   -231.69241008 -328.84343161]
  [ 386.25795785  372.52983342   27.82565793 -293.84822871  399.98594444
     60.39482857 -293.63665146  601.18639159  723.58065464  670.44978398
    767.71487951  744.60546018  596.48093097  297.04532175  652.09603116
    397.33130841  140.38809138]]]