[[[ 324.205       206.89237501  136.54968896  109.04869359  441.51690247
    434.25276377  422.63578296  307.17646021  314.09682449  293.39514058
    313.65670096  435.73188155  599.05148607  640.69931917  189.08354603
     29.37767208  -43.87037597]
  [   0.          -32.48386163  -40.87997321   22.40359596   32.48346316
     17.61271451   95.36536644  -58.84929209 -177.89732081 -272.35109825
   -288.72476186 -146.04775972 -182.15251185 -320.46809769 -165.02330061
   -199.90867028 -304.86607392]
  [ 359.21194968  367.55816433    4.12470598 -377.53713033  350.86579106
    -15.01212017 -388.57606047  598.68814274  791.5424558   752.71597546
    850.78086355  773.34218696  671.56967855  681.11180066  765.38965738
    667.68475823  686.73655243]]]