[[[ 324.205       202.93550942  218.11769176  206.38637194  445.47366627
    424.74235231  402.49395168  302.40512761  312.5068452   285.52827815
    307.58292412  442.24786413  600.06995647  653.80896812  179.60937166
     15.59604784  -58.87876991]
  [   0.          -41.38901393  -38.40160414   30.13093481   41.38847764
     52.42689184  123.86647207  -73.66493327 -230.19993041 -334.22777477
   -378.87316115 -188.08228937 -116.007743   -180.82510391 -210.77236021
   -167.5520513  -233.07125377]
  [ 417.26916398  419.61933923   32.22884681 -332.94490571  414.91899476
     33.902868   -328.65763991  656.72723523  810.48995043  746.346788
    844.92908807  800.11144008  630.0136261   364.48003596  776.27211509
    588.70314979  418.72225994]]]