[[[ 388.87        256.46102639  186.79932629  104.45843081  521.27805929
    617.97748623  694.94148422  386.77411125  412.03094059  383.76886281
    395.84695415  549.27126369  791.37061908  857.0910838   272.34501397
     73.54665097  -33.31482378]
  [   0.          -47.07017037  -48.96255739   22.32196665   47.06981723
     35.5673311   177.77524051  -60.20959429 -151.78593646 -248.15772704
   -242.60417856 -111.06076975 -203.90673672 -398.88113715 -144.46425572
   -249.21048276 -395.34674994]
  [  -9.25200014   -5.44711591 -391.92156728 -801.98715049  -13.05680902
   -392.31702871 -772.48797526  234.10347324  445.80020703  450.83859101
    529.05182474  445.09608498  643.45261016  863.94404487  426.87227173
    622.8836799   909.63515035]]]