[[[ 273.991       304.38245156  339.8586822   202.7467073   243.60005545
    277.46560281  330.38358382  248.2674249   278.53537265  284.62424821
    298.45532646  230.24063716   11.03812723 -177.53396568  309.80605374
    442.77453298  528.1727177 ]
  [   0.          -74.99153213   -5.96961068  -33.95108594   74.99075857
    139.75174087   69.82583958  -15.72710159  -38.08851818  -12.84446241
    -40.81737397   -6.06236738  -71.06487045  -32.16229206  -98.04430545
   -146.24773617  -63.82356701]
  [ 349.39043471  349.76253759  -79.15828573 -476.72126209  349.01830343
    -75.00602025 -499.44955294  611.38186492  849.02380817  855.20020158
    959.77398765  825.08011319  691.73211344  770.4434878   789.47732864
    550.6398407   370.66616673]]]