[[[ 465.46        384.54997222  467.90840885  581.9544234   546.36966492
    576.09947037  659.94779991  497.71339705  599.80154355  612.17728344
    664.56494236  680.65987877  777.74779714  837.20918644  487.87450337
    300.52327408  279.67619347]
  [   0.          -42.56767374  -44.17585287   -1.4601257    42.56713497
     -4.66998528  -13.30185403  -58.70401377 -143.90907768 -217.69505174
   -217.77971841  -93.89086884 -138.32168807 -301.6765186  -164.28672907
   -237.83401008 -303.30184974]
  [ 331.23375709  335.1033823   -14.17579284 -361.39788276  327.36415086
    -37.58252657 -391.2450479   561.86099841  750.99521353  729.8231302
    830.19986355  687.91714497  457.43238046  623.4792978   761.00246031
    662.13947333  809.32937395]]]