[[[ -76.291      -170.55433053 -273.97647771 -271.45754865   17.97189142
    -96.98772769  -69.5986042   -43.80347725   -1.65346968  -31.86873022
    -11.64102441   90.40191076  231.68172181  343.22576773 -106.90087996
   -265.79521897 -363.1949759 ]
  [   0.            3.48968187   67.45548337  158.12802874   -3.48965444
    -26.57094867    1.62604918  -64.78075963 -158.19294282 -209.84063628
   -229.834278   -141.41548264 -107.18547419 -197.37805811 -125.36274052
    -52.78872822  -82.64370769]
  [ 363.04040117  383.22542723    3.46176541 -376.74003323  342.85556061
    -61.46744093 -459.23602084  598.09350296  792.80765529  767.28006973
    868.618422    766.38159393  613.01792867  466.33109574  754.84385048
    561.01173903  466.33419653]]]