[[[ 253.588       136.54290845  117.54849914   85.5259166   370.63226497
    435.94237294  490.38401937  217.0766382   215.8232547   229.19217867
    257.49265152  339.43698239  625.23390031  801.19045735   87.79018279
   -154.21559724 -318.79711482]
  [   0.          -43.49476162   41.5585309   166.36283849   43.49433842
      8.70903819   77.23816548  -36.17610297 -116.76591832 -210.25113455
   -217.28551988  -63.46871556  -49.83862502 -233.03753559 -116.23063226
   -164.8948223  -308.93185203]
  [ 391.00513676  394.08154323   19.70796175 -356.12569051  387.92878098
    -31.68949257 -424.04218393  637.54862786  859.73864517  856.50500667
    946.56032069  846.10599106  837.7824879   935.66785852  833.9017124
    833.19291286  943.53039019]]]