[[[ 412.29        287.88928984  285.87549724  215.91041066  536.68969638
    609.04158881  643.07554838  418.8626493   428.03517841  395.4508572
    406.97727306  567.55166105  821.38226164  802.86558939  290.88415563
     41.62549075  -69.60977076]
  [   0.          -35.62606184  -41.05316807   60.22799593   35.62567546
     31.14574301  153.06730881  -87.92376653 -227.76647414 -332.53569125
   -351.44223323 -195.56856475 -244.79877774 -344.81375516 -202.41662532
   -234.60052539 -366.46497627]
  [ 426.88344613  427.71573707   46.00869334 -327.49282016  426.05118601
     40.66103969 -331.76549673  655.86412256  833.50569374  804.27105559
    896.21094286  835.95757399  848.11218169  765.42710614  801.95028951
    768.89625327  858.28744972]]]