[[[ 409.44        291.21012694  291.15948067  248.30327368  527.6690925
    611.67513547  673.59235583  397.14362537  424.38625125  388.19981944
    404.86620329  551.79199901  757.71393489  925.07096507  289.44482171
     54.53982756 -106.38131769]
  [   0.          -51.45931581  -31.66058312   39.38473591   51.45888116
     58.07225296  177.05925785  -57.14790371 -152.86393486 -251.2187793
   -255.3835803  -104.88874914  -93.01719227 -257.07565412 -146.82723454
   -209.48141766 -363.58906846]
  [ 185.5285846   183.64656464 -195.7996173  -569.13219969  187.41061326
   -188.45418615 -523.55210517  429.88222017  640.16455282  623.07802381
    716.77151957  620.60052343  549.33146938  559.63776732  627.06111611
    725.2582753   868.5207843 ]]]