[[[ 344.622       201.94634992  190.82020027  142.99474185  487.29662434
    614.87497925  723.45207708  323.08660489  333.48948808  337.83222121
    359.13252864  488.88847954  822.47108476 1033.08738547  175.20394185
   -112.51834196 -307.27441054]
  [   0.          -50.6313476   -70.70994921   18.88742659   50.63088318
    -14.84688415   86.54396238  -85.32232436 -216.18925743 -329.90203689
   -342.5897773  -157.10757489 -145.89282967 -329.81314917 -206.32144951
   -242.0062863  -397.71906737]
  [ 300.87255777  296.43554296  -59.33732362 -430.61397913  305.3095774
    -61.21106148 -424.45351254  536.16544264  719.10684037  691.4213717
    780.09611061  728.27108605  774.29716903  859.49286355  689.32651977
    652.42040726  715.23134592]]]