[[[ 218.12        106.69382337  159.0208711   255.86964772  329.54556692
    386.97351988  480.395272    188.93640649  199.42087267  194.93789097
    205.59075263  326.36093862  561.65794597  695.37415425   75.59938075
    -54.5240739   -58.9428429 ]
  [   0.          -45.89484061  -32.22500967   13.45971179   45.89442515
     26.6773481   112.47920734  -69.89455692 -204.42604768 -304.09158043
   -320.03250461 -157.7529251  -161.31033964 -309.22938601 -203.57651579
   -259.73223872 -368.80994351]
  [ 369.8685635   364.43046834   -9.78268922 -380.35257655  375.30663
     -2.22089386 -353.85382064  603.45887022  788.21600397  764.88878773
    858.21014005  782.30805735  664.57614012  656.589758    745.00853609
    552.03038536  638.15693131]]]