[[[ 200.387        95.53682798  155.59232986  136.26007847  305.23655367
    350.18313178  369.61526539  183.27979766  203.98976469  203.24389378
    209.04799524  322.81247913  529.26855039  539.83280874   83.60235249
    -43.33928951   19.8782396 ]
  [   0.          -58.47060388  -45.25274502   26.51477987   58.4700078
     34.36925224   96.62124513  -64.76501792 -199.28130661 -292.12365396
   -313.61456467 -147.61620133 -191.22626497 -336.07821691 -212.63487859
   -292.71447278 -380.47600264]
  [ 375.91299769  376.23394217  -10.57748767 -386.95784352  375.59205188
    -12.13944658 -392.42932058  618.45347763  806.63471169  777.44301716
    876.40631827  791.01827975  648.57927962  572.58129851  763.58446427
    571.82520018  577.83053292]]]