[[[ 394.89        290.15723436  249.12550843  247.40151335  499.62210176
    508.68354143  491.48818568  404.53813007  443.61465721  422.06596268
    453.55346086  550.870318    649.45673493  562.39133596  326.15198103
    185.22921985  182.87998007]
  [   0.          -27.27802523  -64.3983683    47.26979995   27.27755749
      8.95521076   78.68729986  -71.42250751 -216.33354619 -308.12077973
   -343.25480119 -188.86817971 -185.423906   -269.63114438 -200.96824802
   -161.51292176 -197.83027115]
  [ 408.61727303  420.60487091   59.52375373 -306.82092605  396.62973231
     35.39911968 -329.82240548  641.37318162  811.84564192  760.45914907
    862.57786355  763.7500639   510.9590719   326.25493491  796.15502571
    561.97177188  339.49002035]]]