[[[ 2.79959000e+02  1.82513521e+02  2.37854689e+02  3.09031290e+01
    3.77404009e+02  4.88593544e+02  5.69009150e+02  1.90170799e+02
    1.82855915e+02  2.28955190e+02  2.29751870e+02  2.97660768e+02
    5.42677997e+02  7.60128455e+02  7.70305921e+01  3.64042547e+01
    2.40109734e+02]
  [ 0.00000000e+00 -1.01667935e+02 -6.26910125e+01 -5.71691267e-01
    1.01666956e+02  1.12143272e+02  1.56707786e+02 -5.48057829e+01
   -1.63768393e+02 -2.51490754e+02 -2.83553279e+02 -7.44167594e+01
   -3.93526511e+01 -2.28431429e+02 -2.23805863e+02 -3.40455405e+02
   -3.92225177e+02]
  [ 4.32767778e+02  4.16217818e+02 -8.72674789e-01 -3.62665173e+02
    4.49317635e+02  2.21606386e+01 -3.71993724e+02  6.75869810e+02
    8.47911719e+02  8.10538629e+02  9.06932502e+02  8.51036018e+02
    7.54694818e+02  6.37654430e+02  7.84713137e+02  5.37134287e+02
    4.87080444e+02]]]