[[[ 338.87        198.89898638  229.11687552  121.30167373  478.84004292
    476.69003636  412.14580152  298.13958329  308.79662831  312.68145245
    343.27812134  461.84406757  808.88487349 1028.49806368  149.23214097
   -132.52028903 -350.96389043]
  [   0.          -58.34164767  -45.21330448    3.4363198    58.34099619
    100.89031811  243.88773758  -65.95921378 -185.58885933 -304.90117315
   -315.05878334 -119.09832352  -85.20559954 -260.88534723 -179.38458624
   -238.30299316 -419.22961408]
  [ 364.45380255  356.85307237  -32.86596862 -430.72620226  372.05449762
    -21.44933261 -395.74036911  600.68991109  790.80449564  776.02826733
    861.28816435  788.81184764  849.98687244  902.27412103  771.0614063
    805.54341457  909.2230048 ]]]