[[[ 318.131       205.47692026  267.24074031  221.19716276  430.78406704
    519.05859185  547.36445462  272.40474525  212.81603885  188.13923797
    181.82413004  348.64787745  560.15787988  658.70107131  100.66982012
    -26.21063152  -95.86991542]
  [   0.          -22.34403475  -93.77671345  -15.42472907   22.34389137
      3.36750555  110.37820395 -156.50945485 -387.75017714 -497.52902638
   -539.32732133 -354.69034278 -294.27943724 -329.9983517  -347.43821839
   -324.9506008  -413.60907331]
  [ 339.22895785  316.5057238   -16.71381839 -355.14117366  361.95202245
     21.28057846 -324.54678734  506.07808473  555.53141253  501.31595017
    586.52510259  609.55613457  532.15667637  289.15747988  460.60394216
    210.21100155   53.49340676]]]