[[[ 485.88        405.98794295  463.87133737  379.62405915  565.77169341
    541.78164034  472.24257232  429.85119566  429.12675632  424.39831487
    450.13224144  536.88153146  815.0387926   692.45178671  333.08340283
    247.57089405  225.36418434]
  [   0.          -65.41127421  -49.94289552  -31.01437845   65.41036162
    123.68253727  183.81810005  -38.99847878 -119.5950096  -191.60686024
   -205.23628389  -77.2119893  -177.20507413 -311.75062312 -141.51705264
   -274.46760173 -317.10895136]
  [ 396.54190504  386.41156238    6.94042355 -387.87903546  406.67215613
     22.3694356  -381.52674489  643.94717266  839.63563672  818.02506655
    913.1029405   827.79382365  804.47954893  774.33812055  805.16172255
    719.691546    908.30587652]]]