[[[ 430.04        334.92378703  369.17542019  369.13796295  525.15555121
    551.1553143   567.03201311  389.68737471  386.37812025  363.2289091
    369.19843285  504.12989387  743.30096026  753.09061668  274.73184486
    101.86596838  141.6774116 ]
  [   0.          -57.58548497  -20.57974661   11.99256802   57.58485513
     94.85473904  161.47805981  -61.33972699 -180.29332474 -270.62554914
   -286.24323952 -136.80474108 -209.63577022 -358.59761762 -185.06860647
   -308.82834743 -389.97211752]
  [ 400.84494416  395.05062978    9.99713781 -378.19983448  406.63920659
     20.05460296 -359.54248889  636.61099166  821.32713696  802.21857306
    892.93377864  819.33872331  772.66350784  707.85373902  779.22693906
    706.99114607  804.34945914]]]