[[[ 456.59        336.19430591  341.25907382  245.30751734  576.9845052
    762.23718481  814.53800491  321.55035094  174.36591115  142.19687997
    110.12522416  329.30290372  596.44242936  819.19574031   70.94713502
    -37.24985312 -159.07790266]
  [   0.          -52.34457725  -92.56235815   -9.28588602   52.34408998
     46.78886689  168.87631548 -111.40531284 -278.56059489 -393.9454196
   -425.77653401 -250.40873747 -272.5894219  -436.70035009 -250.47903032
   -250.04812942 -359.56353985]
  [  95.69753528   61.90916268 -298.38397382 -594.36277351  129.48569423
   -200.71195734 -544.66449625  287.15028953  381.04395031  316.80094945
    396.88525209  484.15803558  699.02139366  818.50486355  271.73187484
     63.31366412  -93.82886761]]]