[[[ 280.02        188.23088189  264.64750372   80.88099116  371.80848194
    533.20528411  626.18436749  180.27741172  137.08690126  183.1125243
    171.99160242  256.11966755  545.93392893  776.91411109   38.47879304
    -18.66864052  141.35550013]
  [   0.          -82.05446402  -70.07968472   -3.21208671   82.05371877
     84.90943001  163.63657549  -84.629195   -228.93104118 -323.23443329
   -351.23234529 -150.32156757 -126.0170561  -315.46029545 -266.61218498
   -371.77147501 -478.26286143]
  [ 398.06895785  371.4842515    -8.18290323 -323.85866905  424.65349242
     44.8653474  -311.55136609  611.3146196   763.04529493  731.74098464
    822.86097307  787.87777734  772.98352007  708.49380228  688.22167234
    446.78874445  463.749952  ]]]