[[[ 2.77161000e+02  1.93801977e+02  2.62361263e+02  8.66326389e+01
    3.60519534e+02  5.24584376e+02  6.33875828e+02  1.70104377e+02
    1.31552358e+02  1.76932888e+02  1.71406803e+02  2.39529713e+02
    5.16651993e+02  7.54426384e+02  4.33897379e+01  2.90251058e+01
    1.29777025e+02]
  [ 0.00000000e+00 -8.86195041e+01 -5.80129344e+01  7.43850988e-01
    8.86186864e+01  1.05443391e+02  1.70117963e+02 -6.69017873e+01
   -1.83944217e+02 -2.68640970e+02 -2.92495702e+02 -1.01760277e+02
   -7.05924632e+01 -2.52028029e+02 -2.32738198e+02 -3.36888097e+02
   -4.34098323e+02]
  [ 3.89140224e+02  3.65935767e+02 -2.24221602e+01 -3.57420773e+02
    4.12344525e+02  2.10761089e+01 -3.46343816e+02  6.09619657e+02
    7.77521365e+02  7.46946247e+02  8.39040864e+02  7.89304238e+02
    7.47066994e+02  6.95185224e+02  7.11975418e+02  4.82642838e+02
    5.06037815e+02]]]