[[[ 365.236       288.60265966  327.77251814  157.54357269  441.86877093
    621.30757651  600.74560029  287.91613361  251.6401279   300.62922496
    278.97443288  357.44021319  674.50190928  854.17369933  174.94223418
    273.40504754  483.59449693]
  [   0.          -98.81782925  -79.91381947   21.27539386   98.81684897
    111.11900202  181.08303742  -74.98760545 -177.86854917 -265.64093151
   -282.28639928  -85.60765105 -102.31086153 -349.25547688 -249.11681956
   -456.68475063 -525.01724104]
  [ 345.42806097  319.65086654  -51.50691043 -367.2505381   371.20504266
      9.49465111 -363.47201158  567.63643351  749.75797897  744.58232189
    833.04786355  760.22489647  734.04567174  701.52839385  675.64481515
    567.28227351  609.73315564]]]