[[[ 535.96        421.82724663  419.23839202  384.41190602  650.09189062
    682.86188837  689.44543155  518.81682455  522.01225309  494.39009827
    511.18597991  660.11974274  969.88018404  950.51132087  390.38026334
    153.84966372  138.6051561 ]
  [   0.          -42.09845231  -66.92030989    7.64241327   42.0979292
     23.40297204   99.90373656  -60.12815266 -164.87801607 -264.80049352
   -272.28901187 -132.14031666 -243.05327936 -432.79217717 -156.18754107
   -265.48031411 -377.37295741]
  [ 334.09454702  332.6250663   -10.84263093 -347.87207784  335.56400199
     -6.22069546 -344.40294618  569.85922     765.69072129  743.15758006
    835.97786355  755.31905795  729.77506937  810.78982176  743.72957536
    726.87426828  818.23704633]]]