[[[ 182.863        66.11891491  140.57677883  206.24433805  299.60636581
    371.22636778  438.90290031  139.73093679  124.83254594  117.02699577
    129.09817698  259.89558388  495.5594914   575.48100606   -6.45899752
   -198.67012874 -247.99877196]
  [   0.          -56.8837044   -36.20574081    6.89668258   56.88315637
     37.96672979  144.1693476   -61.1642201  -197.84992914 -306.09780877
   -335.51247499 -146.75834437 -115.19632144 -226.87808179 -189.01918408
   -228.07803139 -373.7303315 ]
  [ 401.40805485  394.73575414    9.116434   -373.1389909   408.08032818
     20.5311652  -341.56385329  642.01217947  823.10425403  796.83427334
    885.54904575  840.38337845  807.72311266  663.522322    766.70174425
    645.42684653  739.02789089]]]