[[[ 327.053       202.14314608  137.82391104   41.10947936  451.96196922
    538.24549738  618.80923328  350.82292369  382.66616757  363.65053813
    382.71093324  515.49382608  808.25464898  898.67062539  245.9293973
    -13.21683484 -180.39362182]
  [   0.          -29.71896749  -52.21042139   34.59619988   29.71875344
     13.43461472  159.6147504   -88.56610901 -204.40059762 -298.71101864
   -302.04784664 -168.76410552 -237.51470398 -390.54864984 -178.96399265
   -204.77870609 -335.08240924]
  [ 175.24075425  185.89940573 -182.35736236 -551.70355464  164.5822301
   -202.1887604  -538.23176888  404.69144825  599.38185034  596.77492515
    682.98153872  590.86326749  702.54354935  836.02086355  584.49260974
    670.93594859  803.75190752]]]