[[[ 365.308       394.94429557  284.10185054  464.5023377   335.67221373
    238.67453351  467.06957723  450.67752855  544.88265545  447.68306393
    504.89893584  499.95250114  230.37949701   68.67849086  551.41460058
    370.13826392  187.95324006]
  [   0.           58.13086608  170.79703884  117.61756768  -58.13032654
    -31.86464429 -104.03115547  -34.25979681  -62.44921138  -35.78598467
    -56.04065575 -143.83355206 -336.95194522 -260.60289197   23.63239603
    180.1915034    85.76831696]
  [ 113.49255024  127.84164894 -232.25976683 -579.20754644   99.14361395
   -274.71651117 -656.56057319  324.38657028  529.67127682  536.02557317
    621.73034011  497.53628254  620.55515291  789.76412343  507.88569002
    635.70578979  770.28841386]]]