[[[ 347.732       270.64466192  309.09859036  145.53863409  424.81885186
    630.6063938   632.56466118  239.81829645  187.72288072  251.63056991
    232.82870051  294.38994731  614.22194955  793.44347612  112.86872882
    254.64374121  442.50984941]
  [   0.         -104.4757056  -101.0184264   -13.01040786  104.47470127
     99.87912743  163.43196834  -71.38039854 -159.8504952  -246.59646359
   -258.43164728  -62.79168374  -71.79634662 -347.50512747 -244.24077304
   -498.93827332 -557.17157637]
  [ 276.11159476  244.09412719 -126.7233049  -439.28755965  308.12884231
    -51.5534115  -429.64984765  496.9780197   683.12263365  673.88202831
    757.57146135  700.89741629  737.33569586  815.63286355  613.08648752
    551.6436271   748.66437418]]]