[[[ 377.14        265.39206785  271.58828547  306.75287143  488.88716221
    487.0300498   460.53600002  380.73893029  427.08548055  405.64500532
    445.25739308  538.79614996  635.03625368  650.33033129  300.76509668
    121.14449933   66.78960994]
  [   0.          -25.71441018  -24.85250449  122.65136055   25.71390612
     -8.56700095   41.72606273  -84.37931233 -239.56815115 -335.89334097
   -379.87670134 -207.84383288 -165.20347497 -223.01853524 -220.1184033
   -175.89002582 -199.68202222]
  [ 442.57417969  453.6532426    91.91177215 -245.57404921  431.49515966
     49.3480176  -321.07490571  681.69533265  834.3518627   771.93067409
    871.02488851  787.32523312  539.63803546  224.17634128  826.59340162
    625.21725377  334.19527931]]]