[[[ 312.333       207.86726623  220.82442611  250.72376553  416.79815061
    465.92000304  460.33426681  310.10546971  337.52589779  310.7406389
    316.51344289  451.27252302  605.06935827  611.97814007  219.53788058
     73.5967983    45.6601496 ]
  [   0.          -45.14865077  -84.35918725  -84.4124915    45.14829145
    102.43292467  266.4089974   -85.10620217 -202.06628894 -289.77892256
   -275.95503762 -170.19544587 -310.37122565 -435.39702651 -195.56788373
   -291.89823562 -397.65651787]
  [ 117.10158894  109.7865422  -275.5455798  -664.28766739  124.4166048
   -196.17408553 -520.80090959  340.77487502  539.7375895   549.23391628
    633.28557667  540.92802078  704.59537097  865.84625633  501.37416818
    580.33528131  732.47659074]]]