[[[ 250.547       145.32708037  139.40486656  169.83436385  355.76610777
    372.52489478  362.42775639  241.8798983   268.47531353  223.18575109
    235.39036329  382.93729266  522.90559132  326.03355648  143.52698876
   -127.20475717 -116.85766728]
  [   0.          -42.58054474    2.20184227   79.89613028   42.57999726
     72.44957884  178.44626732  -27.89293799 -117.72860142 -199.53809937
   -209.40615628  -93.15917801 -171.20569741 -260.69908884 -108.51843383
   -145.35514013 -195.88749474]
  [ 355.76531748  367.76922888  -39.29751736 -442.08521374  343.76150135
    -55.99147498 -434.52482627  616.11675871  832.51830432  810.22770266
    911.78153122  781.49676288  568.86389863  561.49713817  820.4030454
    848.45927794  777.5826342 ]]]