[[[ 347.571       248.02908126  287.67416063  240.22439944  447.11209971
    568.79606303  643.3102932   228.59454257  159.1473781   156.50889946
    157.78642653  278.78700956  443.34900695  505.93694049   58.98136625
    -77.91701531  -32.9356115 ]
  [   0.          -60.38059573  -61.58967696   22.41014755   60.37991088
     44.59284275   93.91890594  -67.0561141  -208.04497695 -311.74690011
   -348.01314931 -161.99247323 -125.8910969  -188.17446256 -208.775655
   -210.89175592 -295.54589471]
  [ 395.10095785  374.03377097   22.76043231 -302.063263    416.16795761
     78.37895028 -294.09632295  597.32827933  728.20447324  675.90700048
    769.19202567  745.11858916  609.04097938  321.11410828  660.53769101
    430.6321688   183.51506913]]]