[[[ 321.053       239.97311244  310.33739517  107.17935597  402.13249073
    557.4782552   640.5029637   234.50252523  229.71131962  291.14623853
    289.63119377  330.15408041  583.08362235  821.55625561  132.28089428
     56.68676164  246.49187239]
  [   0.          -97.25724191  -69.76958678   -9.81058897   97.2563743
     99.24337679  161.51617682  -65.02083203 -171.99812771 -253.97296869
   -275.55672265  -75.91879497  -37.10372289 -236.71108058 -235.16833356
   -361.75973284 -445.02659626]
  [ 364.35751292  339.30897304  -40.05070734 -369.48343136  389.40588404
      1.09729448 -371.44982885  589.7561389   771.18364462  748.46080976
    844.92086355  771.94154919  718.98081177  665.77621507  709.5247228
    485.71776074  504.20059481]]]