[[[ 394.62        268.7314296   308.73103946  323.96533667  520.50765371
    521.13099282  491.31497024  353.75413246  326.46326636  293.86542636
    314.75869579  473.56638553  714.58176404  788.93494453  189.93378441
    -23.6576791  -173.28296108]
  [   0.          -30.12765203  -28.40516455   37.7832107    30.12719806
     40.98676208  145.21838644  -80.3065885  -241.46740221 -356.69975798
   -394.68641728 -210.54410112 -156.86696783 -231.73070201 -202.63487314
   -193.82203217 -334.77416434]
  [ 450.49059179  443.29176003   62.52674664 -306.49790571  457.68938396
     75.96869873 -298.0252331   679.99402818  825.21301395  762.23743545
    855.49122796  842.6431484   768.46039159  550.59882269  779.84494995
    622.99927807  675.29630331]]]