[[[ 303.612       187.48018357  224.69114492  270.37967283  419.74292906
    373.90552714  358.71913044  282.13154677  271.46462329  205.08462212
    201.55262715  405.86945152  650.15076203  896.05883344  151.15678799
    -45.64810844 -283.76647033]
  [   0.          -19.9122836    10.6467778    81.83104896   19.91203332
     30.17409979  103.27502124  -97.72233671 -264.77658122 -352.18622019
   -386.94761729 -231.36324254 -170.47921933 -240.28352041 -217.7690257
   -133.38838054 -183.06664291]
  [ 447.48506325  450.53405601   61.63104868 -317.38018724  444.43613605
     51.99301331 -344.64990571  673.84344432  808.65705968  750.17305995
    848.48841007  803.55727497  682.08615601  514.34749817  772.31099743
    627.01245739  529.83701885]]]