[[[ 377.04        247.41328702  285.35980362  374.09311173  506.66598614
    516.05850916  506.58617998  388.23277255  445.41436495  417.82462892
    446.48979704  584.05940942  840.33961551  966.36953739  297.24096446
     28.84942401 -128.7832264 ]
  [   0.          -34.53061867  -51.92465486   22.31287705   34.53019974
    -26.75871349   48.73774499  -78.75258976 -190.5742492  -290.18133412
   -295.02004842 -151.67386398 -192.85772964 -377.16021904 -175.0640418
   -229.66553576 -371.3212632 ]
  [ 209.47680244  215.07549133 -137.94803709 -507.01439957  203.87818281
   -158.22307956 -529.11622263  448.92925762  636.5745441   587.82241724
    686.65550584  601.6488064   500.92428025  654.62437032  654.36354123
    702.78070434  847.82186355]]]