[[[ 450.72        361.07629045  507.53044936  370.28351844  540.36308564
    659.03909697  536.63932999  484.92750794  568.95474281  556.20953221
    584.35926849  664.08618514  833.87815675  943.23175348  449.74655074
    216.8911072    32.97992293]
  [   0.          -54.54940142 -149.76913124  -36.11837961   54.5489878
     14.21782127   97.17810654 -125.76897074 -280.23856114 -367.53640979
   -384.02170415 -219.29552039 -202.54512088 -346.06046212 -276.42888807
   -255.55688613 -322.36417387]
  [ 348.01095785  336.71427255   10.11192412 -261.9876355   359.30757993
     36.37456576 -273.45815875  540.65708127  684.21731416  659.99663941
    761.77390187  641.55180535  458.37019989  434.26434164  683.25824419
    634.77579903  571.35475022]]]