[[[ 318.122       213.52382602  253.49451282  215.10759453  422.71924028
    519.09345492  467.02903932  259.87520225  195.77466695  175.34693471
    168.64485362  320.5384918   503.45380541  594.46060486   94.83125245
     22.59993909  -29.15852706]
  [   0.          -30.37556134 -103.99690246  -29.55933448   30.37529598
     -9.96752015   61.30137593 -135.91401089 -351.16736964 -457.68164503
   -498.16777473 -317.00963795 -262.88400376 -303.66589056 -319.91788647
   -301.69733344 -398.62792129]
  [ 336.28895785  312.53046847   -4.01658101 -339.2739425   360.04726414
     41.02987423 -331.78735266  516.5611904   576.9377359   518.25706389
    605.53386356  627.06476604  539.16503489  290.5978883   477.06393757
    217.54910555   37.42285706]]]