[[[ 441.87        362.83471255  489.97112089  412.36250731  520.90479011
    587.26037295  550.7959626   486.74098437  601.06496169  586.16744582
    649.49700553  672.17406866  725.40488895  687.79724822  489.81153013
    246.31748409   34.74031441]
  [   0.          -51.4605554   -87.91548147  -14.28804236   51.46006892
     19.66843014   36.13764274 -110.05479105 -262.18844087 -330.39936907
   -364.32332699 -201.37497021 -132.80765099 -191.32958315 -259.6338752
   -215.46140846 -269.92011744]
  [ 422.75908058  425.40538459   73.57172563 -312.40300429  420.11278288
     47.61902136 -368.19290571  617.50839078  725.82312459  686.15947983
    773.35460414  672.24983916  465.88624532  305.8669129   735.5985605
    731.65628109  747.99651764]]]