[[[ 485.83        378.11690738  383.17367657  278.40080897  593.54212793
    770.34741325  784.9845218   385.32292761  294.25616704  285.77781545
    262.56397503  433.55274677  706.27157682  762.08346041  199.07939313
    163.34542018  246.97681243]
  [   0.          -70.55063923  -98.19117846   -1.12453361   70.54987836
     48.73968467  130.02603757 -105.16064271 -269.70961778 -377.80059376
   -411.11188249 -224.83383593 -314.12045928 -502.90868543 -275.02991496
   -316.83892669 -395.67133193]
  [ 148.37383608  122.17816682 -234.72965072 -525.11082528  174.56930632
   -148.31203762 -513.74165826  356.18849932  477.95047124  429.47207817
    512.08936025  546.48315775  714.36783028  835.93786355  383.21431549
    141.21097765  -56.39103983]]]