[[[ 468.44        364.34099782  274.03770139  311.29967275  572.53832211
    630.83455466  661.12410924  529.80927592  609.38825477  552.90762597
    595.57774189  711.60079535  852.95136693  736.26039725  492.64979432
    257.93753768  115.40201861]
  [   0.           -2.66852443  -73.36089086  -24.77191989    2.66851844
    -58.05438019   33.39203646  -78.1645568  -192.05496596 -270.7433559
   -274.27894115 -189.08699451 -313.61375264 -433.29373644 -149.23607715
   -157.43883911 -274.48793436]
  [  52.69456499   72.96182188 -241.01883728 -639.55087545   32.42749139
   -286.02263914 -642.12105289  270.30364637  456.86469516  447.79877451
    538.1770618   394.55060516  294.79441736  480.22340454  480.70065022
    614.92983015  803.71386355]]]