[[[ 1.21070000e+01 -8.97265210e+01 -1.99611525e+02 -2.92466139e+01
    1.13940052e+02 -1.57608087e+02 -2.44915839e+01 -5.05598455e+01
   -1.16705855e+02 -1.64340888e+02 -1.35046850e+02  3.81813584e-01
    1.69056468e+02  1.30896480e+02 -2.14410812e+02 -3.57103689e+02
   -4.28319657e+02]
  [ 0.00000000e+00  3.57166906e+01  5.67989438e+01  5.35473184e+01
   -3.57166563e+01 -1.23239317e+02 -9.85300029e+01 -2.32489070e+01
   -1.01372237e+02 -1.59773302e+02 -1.74301874e+02 -1.31469543e+02
   -1.33114579e+02 -1.71686415e+02 -3.59760242e+01 -2.00378187e+01
   -1.50749781e+02]
  [ 3.18333050e+02  3.26926979e+02 -3.16813648e+01 -3.81045338e+02
    3.09739158e+02 -1.00754803e+01 -4.14794313e+02  5.47110413e+02
    7.35795049e+02  7.14848076e+02  8.15455864e+02  7.20686266e+02
    5.28166816e+02  3.50618844e+02  6.87344217e+02  4.51241243e+02
    5.37879685e+02]]]