[[[ 129.872       -27.96665438  -63.79364224 -123.5415712   287.70947605
    362.56351764  418.73358111  119.26990061  121.71896128   95.14814573
    107.68590993  285.1344966   571.26434345  447.47932249  -41.58125166
   -283.23582986 -375.39064449]
  [   0.          -48.66784607  -34.38995779   48.33518643   48.66745778
     39.56379928  221.4611891   -18.14664527 -111.18541802 -217.57705851
   -227.86674016  -77.97414442 -143.82077307 -296.35995035  -94.36505183
   -143.76474698 -285.56549279]
  [ 384.85027585  395.37713743  -46.8367797  -482.71249502  374.32356722
    -61.54654049 -433.50863925  655.04217279  872.86593997  862.06806217
    951.31403513  866.62587384  856.6182073   950.50491853  843.30756515
    804.17837701 1019.77677086]]]