[[[ 468.39        395.02200233  485.94305072  356.60794933  541.75766469
    546.34390892  459.58916847  430.29948622  450.34089763  477.48509145
    498.72273951  536.1351983   669.70218348  775.49433626  354.38565327
    244.50679045  178.5889861 ]
  [   0.          -66.82386231  -84.81435268  -39.40145096   66.82320071
    100.01739154  120.20678337  -63.7116873  -185.44587767 -260.13514361
   -279.80322157 -117.96669233 -112.12032925 -245.53348423 -209.70665949
   -198.58249436 -225.60174562]
  [ 364.25997214  350.93022588   -7.4792424  -353.56184715  377.58960942
     14.3296366  -370.33895301  585.04674377  754.30812828  726.88162471
    830.12086355  734.80045553  560.23194311  527.39431701  706.9899508
    473.70521751  303.05216514]]]