[[[ 350.715       250.37948277  267.76018951  264.82321924  451.04972007
    448.23489664  400.73078008  340.95574677  392.84638485  362.86722933
    398.31784338  491.40662033  580.33015357  652.2339013   272.25611378
     48.10210497   41.94123203]
  [   0.          -42.32442045  -34.31279423   22.74658073   42.32382261
     87.34164147  184.8914926   -37.27141697 -146.2362934  -236.8707421
   -267.41802089 -102.11459628  -37.97457142 -100.50295167 -140.37569193
   -166.72938629 -254.94170347]
  [ 403.01181769  409.77329144    9.8108271  -395.14226464  396.25035314
      6.58604241 -359.90722427  654.9399754   849.53992618  814.2603381
    912.23708232  795.14791853  536.23138161  262.9045491   845.67536371
    782.36932056  825.99961861]]]