[[[ 321.203       281.91266943  351.38665389  733.3494662   360.49331098
    153.2617263    79.16117488  233.35271032  135.36580939   42.45884227
     48.48421026  217.56958726  387.04741033  645.57984574   82.09840111
   -163.54413302 -445.56098452]
  [   0.           22.91572152  124.88340162   77.97646914  -22.91564236
     13.71280661   18.137284    -25.30542783  -60.68819797  -96.61384218
    -95.97321544  -93.58755865 -147.26896349 -228.36870534   11.98729647
     80.37846682  -37.88095418]
  [ 344.6066312   343.56913116   19.54505458 -259.69313636  345.64415921
     26.92605365 -334.01405592  543.53647573  710.83748029  683.95724006
    789.05186355  714.15420143  672.21899832  597.20011351  656.86736778
    568.94727757  548.01660238]]]