[[[ 412.38        318.41292424  330.48723773  312.72768174  506.34640735
    505.4307285   511.92950296  406.60203363  458.82904664  440.74989215
    497.72093186  551.41642029  639.66878027  639.09721396  344.28265303
    127.12684557 -104.47242539]
  [   0.          -30.0473292     1.60198893   57.45580131   30.04682819
     68.83492185  126.63716533  -49.11217835 -167.83222976 -242.94526855
   -278.90563424 -134.69781181  -78.74918663 -120.18136267 -147.70828297
    -91.32623338 -128.58686048]
  [ 392.28054913  399.36829445    5.23126503 -379.13127558  385.19283547
     -1.4585451  -380.20522116  640.22511278  823.64377901  789.62320048
    886.42477029  770.32652774  531.78375928  277.96113288  822.2820324
    753.39685057  690.8729226 ]]]