[[[ 477.12        401.66435982  460.37433599  554.4203411   552.57527547
    550.60213777  644.85118432  502.79678581  593.78988019  598.67629988
    652.21092737  671.66459705  773.04658834  837.12065273  487.22918147
    279.82117784  250.68428938]
  [   0.          -33.26877245  -14.19789708   16.70810691   33.26832194
     10.32147107    4.27584792  -55.56060259 -137.02900392 -205.02068707
   -206.20149123  -95.11657809 -137.64449156 -293.64106875 -147.74986773
   -212.53283406 -280.06919917]
  [ 319.26275914  324.08474565  -32.0226726  -387.76109251  314.44079829
    -59.80626413 -413.38716728  550.85149814  745.19561274  729.79449445
    830.16586355  682.37082654  449.18002882  628.72716644  754.66066415
    678.76740072  824.33438704]]]