[[[ 388.85        266.15846011  305.22912811  315.23228232  511.54069426
    547.0963423   544.57131569  359.09716949  364.88172617  355.11153501
    375.25226048  502.28933414  767.64870293  871.66123689  227.91332357
      9.4525194   -73.38559742]
  [   0.          -45.9297478   -37.88925055   31.65831192   45.92927167
     31.52694513  125.35489236  -80.77695805 -198.57148062 -304.75657428
   -310.20540383 -157.00323638 -235.71177274 -416.72510138 -189.58058682
   -306.87905754 -442.34341757]
  [ 213.53023823  209.98734177 -167.7753815  -541.05236975  217.07311834
   -162.99272958 -537.58209637  440.33019147  628.42595118  610.43103948
    697.70485316  633.67889675  742.91815199  868.51460798  605.40943795
    683.60595747  849.18153374]]]