[[[ 300.695       184.38279088  217.24070371  262.34188068  417.00637352
    370.29138447  347.90980076  279.08397517  254.26809594  190.87469662
    184.86092919  390.98666099  623.60405888  801.3729782   135.64593748
     -4.90423317 -178.72613305]
  [   0.          -19.01584533    1.00288857   77.27515352   19.015597
     14.53489194   76.9027317   -98.50798104 -268.8947853  -360.41999423
   -394.95141207 -242.40875338 -194.76783353 -276.88112432 -223.49254211
   -157.40553684 -224.27463758]
  [ 435.34197406  436.09735326   52.20345161 -310.69598296  434.58664128
     51.11189047 -344.79090571  659.19225524  790.00469419  729.72174426
    828.27872077  792.82208456  664.69967787  496.7765935   741.03567739
    522.74430078  415.82595736]]]