[[[ 344.607       229.01068602  241.72776298  194.16691971  460.20227128
    572.26030327  659.55841336  294.41094231  290.93288521  244.79121597
    257.13394492  418.66220563  635.15096215  663.10765373  165.02607527
   -109.4339964  -236.25444379]
  [   0.          -46.1608557   -21.73162432   49.47119437   46.16030481
     65.01499828  176.82371648  -51.17660554 -156.39343908 -249.34997582
   -266.30575584 -121.50953185 -140.20961103 -253.90903327 -145.71104288
   -171.75217737 -253.21150713]
  [ 417.17748214  418.1730951    30.23215391 -361.21000228  416.18187953
     29.88093315 -323.81866432  651.18385103  848.92293506  816.94013133
    912.84148442  813.05592376  678.83032856  544.43543742  836.47559028
    849.32219625  730.10377133]]]