[[[ 441.78        364.71850584  353.11028073  411.22966249  518.84135126
    560.03690723  615.1702909   462.43427657  518.86496769  466.78516176
    493.55427742  585.52266156  457.42436487  389.89364534  422.54286686
    252.80165237  270.42620371]
  [   0.          -20.18600402  -51.22346213  -19.67578359   20.18582343
    -15.17091666   30.06711863  -34.623286   -121.45683716 -190.45228234
   -184.6440611  -118.57665593 -224.66031786 -257.50395994 -105.26406557
   -120.16326261 -204.61397092]
  [ 273.83771259  287.65398704  -40.75706102 -405.97730959  260.02152761
    -74.51357679 -415.17864487  516.08642964  738.95041047  729.08850408
    833.16486355  686.87815225  506.25826138  719.45811697  724.67282257
    579.30128901  674.33199052]]]