[[[ 412.44        309.58215947  361.87536844  194.13857682  515.29694977
    766.35648001  644.89058606  392.33710025  417.68991726  421.47728017
    426.82052139  543.03540842  870.94377803 1014.2435053   291.4805881
     97.76843437  -12.71943919]
  [   0.          -87.74242741 -158.67569777  -92.29497327   87.7415802
    115.49747216  324.88647438  -86.30780565 -178.83469802 -279.83685235
   -281.7818278  -104.27287251 -125.91553873 -374.29642859 -202.66221143
   -350.49686056 -510.3371541 ]
  [  13.26547968  -10.36349169 -382.14477753 -711.26223087   36.8943087
   -271.54381883 -585.13426894  250.18555426  455.61459532  454.90934528
    536.8409507   451.57432079  544.25993086  686.71346511  427.85424264
    627.32500249  839.13986355]]]