[[[ 468.35        365.9061638   340.11514962  315.80174307  570.79307319
    603.62956557  618.66938562  461.37723333  475.79289049  451.66697102
    471.22517435  594.97402151  790.2370475   642.22286214  354.45198255
    122.98243509  172.5663042 ]
  [   0.          -37.83699757  -47.65707441   25.1143325    37.83651204
     33.14589833  104.29201807  -50.73068649 -154.02755618 -248.27649557
   -257.71807921 -129.71633007 -258.27608674 -385.87546776 -144.49651829
   -235.12163161 -313.36072755]
  [ 333.91935249  338.2962301   -22.30150272 -391.01617808  329.54248778
    -25.76897599 -400.57958773  572.5757219   774.85464089  758.60527892
    853.71386355  751.10604917  662.85182636  718.84956276  747.02682885
    693.30080691  740.60730211]]]