[[[ 321.112       222.65918878  223.80837202  189.91887468  419.56412381
    604.21214569  616.6555781   301.51295051  316.9371232   312.24197226
    317.12601984  422.25646888  568.79928523  590.1130436   208.18111094
    114.01445789   92.35524989]
  [   0.          -65.92154463 -122.14366835 -102.85080027   65.92094871
    107.37372622  281.53760389  -85.52648895 -201.3762694  -291.87129783
   -281.25978199 -152.53945111 -254.72636689 -379.74132593 -216.7104567
   -362.15358259 -470.52972358]
  [ 127.94305429  112.96126418 -255.253244   -622.33246708  142.92476111
   -159.07726309 -475.9159918   353.42475354  556.14496631  575.79704444
    654.86448659  564.25767302  776.580312    834.77652137  504.69907976
    588.82978157  714.8160199 ]]]