[[[ 441.93        364.61862626  372.35315242  434.37058897  519.24126242
    556.78464159  609.70158275  461.56602093  519.27338849  468.55729313
    495.03599253  586.91473612  453.20486947  386.86234511  421.77491039
    263.33877612  282.57861095]
  [   0.          -23.66664246  -55.21217098  -29.52675358   23.66643313
    -13.60419642   29.07709012  -32.63828434 -119.27653594 -189.77003064
   -181.84403861 -114.33778975 -222.82601137 -260.77599498 -106.63410001
   -128.42519089 -213.37529654]
  [ 274.49296489  287.76840711  -41.68021906 -408.00049846  261.21760852
    -74.13063326 -415.22264873  517.61442659  740.62237442  731.51377286
    835.93586355  687.20800675  503.82047105  712.99613795  727.15374015
    577.44982677  686.05218256]]]