[[[ 418.42        264.67532391  247.66234468  199.61199617  572.16373232
    641.51678761  604.1497206   429.11084711  464.67730401  432.45448128
    444.17258181  631.38747284  947.78511102 1139.60243859  293.60757402
    -10.94045357 -226.81592251]
  [   0.          -53.19173966  -93.7956683   -12.7966695    53.19123023
     28.09159261  172.89392329  -89.54688797 -215.00641401 -331.74152608
   -338.27447807 -165.13687456 -224.72352657 -424.38121421 -195.90175043
   -228.12662796 -402.3769361 ]
  [ 108.3712151   109.47901571 -269.16089655 -645.45470761  107.26346816
   -250.36189531 -615.10466921  348.20565079  527.69996519  485.01850248
    577.87289226  531.49345453  669.68611956  864.85992271  520.68739203
    585.80116138  716.43876464]]]