[[[ 394.9         279.84470571  184.21837429  238.5329879   509.95449227
    465.02085771  453.17928174  382.05883424  383.54107071  349.12911436
    369.81320809  509.56941512  707.43476678  662.08069088  261.67396316
     86.69993025   76.35563717]
  [   0.          -11.7635348   -32.17774077   44.62893232   11.76320094
    -34.84968504   20.9495741   -66.00592421 -195.92223706 -287.46875591
   -309.80999799 -184.51477902 -264.14236585 -377.427236   -166.88491903
   -195.04296139 -287.26473383]
  [ 416.19370524  426.55912336   86.51092575 -296.08136097  405.82836014
     49.62479651 -346.48732233  652.02610047  831.28235825  776.15311442
    873.77102758  810.41379276  676.09647392  736.12608269  808.52008354
    651.67748007  670.40689624]]]