[[[ 344.57        230.26916874  262.35742676  270.3570512   458.87004674
    470.63358759  458.06234797  334.94911396  388.72797529  354.73638707
    403.23679088  502.80853884  612.95548288  572.08873562  252.11261005
    -16.91820545  -32.04741449]
  [   0.          -34.27107363  -30.04797674   31.36526092   34.27050503
     48.96415589  146.20817608  -42.92018844 -156.47953486 -252.8503892
   -285.81143534 -127.27713679  -76.78902945 -160.45453769 -136.34462344
   -181.24656499 -301.95548399]
  [ 358.64568637  366.74025746  -40.58557371 -427.18585608  350.55114808
    -43.93706656 -401.14679472  613.18107263  800.60574045  750.18501412
    844.25455212  750.42544668  497.88157877  223.17701897  811.05335839
    769.87161005  902.77154245]]]