[[[ 418.28        307.07548978  345.90643079  322.66077223  529.48366419
    575.193204    517.42658092  375.37539431  352.2212027   338.48816964
    332.36989781  485.18109189  726.09027157  914.74620117  238.49182579
    167.98428615  178.78702417]
  [   0.          -60.45543326  -81.23029203   19.06457046   60.45474798
     57.88875131  123.99983972  -98.87967976 -280.17752713 -387.11311814
   -430.07116573 -218.34225266 -155.24145987 -252.62846764 -282.28250756
   -286.08893306 -361.19989674]
  [ 398.01995785  383.03398561   19.91248608 -301.92420436  413.00579608
     75.73634518 -289.22072726  625.35010273  747.05792418  692.50127939
    790.1739534   768.97239768  654.77342848  421.26105943  676.17963913
    416.40934069  142.51738997]]]