[[[ 3.94710000e+02  2.62546689e+02  2.13297120e+02  1.86123763e+02
    5.26872306e+02  5.99881141e+02  6.49858259e+02  3.72084721e+02
    3.63535272e+02  3.31547885e+02  3.43468374e+02  5.04466185e+02
    7.34516728e+02  9.83414970e+02  2.26686745e+02 -1.32193498e+00
   -1.90129853e+02]
  [ 0.00000000e+00 -3.17121328e+01 -4.82689192e+01  6.29291264e+01
    3.17118597e+01  1.91820552e-01  1.03337654e+02 -7.72202251e+01
   -2.13002072e+02 -3.19647019e+02 -3.43152326e+02 -1.73321135e+02
   -1.21571882e+02 -2.68615869e+02 -1.85940061e+02 -1.60613898e+02
   -3.04168081e+02]
  [ 4.25240665e+02  4.21999064e+02  5.23561194e+01 -2.90051614e+02
    4.28482280e+02  5.92461247e+01 -2.93283674e+02  6.56597345e+02
    8.30053661e+02  7.76237698e+02  8.74312864e+02  8.30120344e+02
    6.98390001e+02  7.38687414e+02  8.00172448e+02  6.28549051e+02
    6.85706504e+02]]]