[[[ 441.78        335.76120882  367.28438995  362.8964993   547.79794836
    585.6558475   604.90561301  435.10336043  466.9780873   418.59254019
    463.7067695   583.12427781  738.59685744  714.86360174  339.76750599
     47.59458699 -115.67674168]
  [   0.          -20.68989941  -22.29527923   43.92035683   20.68949564
     33.33646899  129.6022142   -50.81281474 -170.6840358  -263.33006808
   -291.17181549 -154.38240296 -125.63383675 -196.89567543 -129.99242833
   -111.53020717 -245.1557952 ]
  [ 349.82276045  354.20954194  -22.79221579 -399.90593622  345.43599292
    -26.38163265 -386.25967334  594.61049924  781.82085341  748.24416297
    841.98652558  738.24746468  526.43543943  259.24264847  781.40048012
    785.34018743  872.50469667]]]