[[[ 374.21        231.6069584   291.190303    259.96521653  516.81201627
    578.73430701  646.64908793  368.93580935  412.93430418  379.58167985
    422.65223795  564.22563958  823.01578625 1092.65865718  253.36392275
    -72.67225053 -306.77366566]
  [   0.          -14.30698292  -30.30541677  229.93799334   14.30655015
    -56.86274167   96.94499832 -130.59589049 -307.03596684 -428.02641319
   -460.24662238 -275.54247491 -215.57467543 -319.62515508 -258.87533115
   -228.39209574 -355.41367282]
  [ 377.44695785  377.99888176   29.26556476 -148.1825834   376.89500118
    -18.16766021 -228.895379    585.96168522  729.65473394  680.99528363
    779.37025059  693.54747488  531.77976825  303.81957372  748.30037014
    700.34365139  662.73625567]]]