[[[ 409.5         256.27122563  239.31088493  194.21768863  562.72779395
    629.53701174  604.06522755  402.09696916  431.58325002  411.61508172
    432.83589387  598.18682487  924.59630887 1097.86953598  261.75855982
    -36.59337293 -243.7741296 ]
  [   0.          -56.91522972  -90.13273902  -36.9802978    56.91460376
     46.62685383  192.33700487  -81.80694272 -202.42669562 -320.64731673
   -332.92178702 -150.29472199 -202.48914706 -409.88136847 -187.23263557
   -229.29987352 -400.605106  ]
  [ 156.08505331  154.46776475 -236.76270855 -634.57125648  157.70236869
   -210.97806328 -584.09614297  400.38868152  580.44510873  534.58049968
    625.14619408  584.42277098  712.0963786   904.68330978  572.74562097
    625.63502887  778.78597034]]]