[[[ 132.699        55.24082539  234.19526564  426.09732472  210.15693706
    201.41056009  293.34050118  111.21849087  114.2647591    65.43825512
     62.88022458  210.32971326  314.59784328  363.65415562   24.52950598
    -61.33455167 -219.45872351]
  [   0.          -36.65256741  -13.2379575     3.32041267   36.6522658
    -26.14481777  -24.6231423   -60.90656334 -174.66110354 -234.94120985
   -253.59975807 -142.87112373 -127.35759433 -195.92737153 -165.06891819
   -105.61689596  -95.78864714]
  [ 347.03240415  348.74715812   -1.29527086 -359.08649831  345.31771882
    -16.72081653 -393.22889805  577.66112248  758.61347395  719.12622593
    821.35686355  733.98527575  541.16811127  289.54695131  711.53525417
    508.11242981  342.15617126]]]