[[[ 282.871       200.58040782  281.40030082   83.01176683  365.16102345
    544.54341949  521.08342161  120.2029093    18.56726284   73.48495209
     47.327322    138.93210782  437.13868924  650.92233886  -58.46586702
    -18.37685468  191.07340386]
  [   0.          -91.60436712  -97.6857696   -29.51378319   91.60346305
     90.72674143  172.46289307  -68.15593382 -198.47652344 -294.99080203
   -318.20774895 -118.69915347 -109.98336978 -332.75404551 -248.17714663
   -384.05695102 -487.60102058]
  [ 377.44095785  339.94382618  -26.75119131 -322.08781024  414.93784501
     63.35298307 -319.05006747  573.14561694  714.52216098  686.89177622
    774.4510399   753.03665955  773.52885617  710.67427457  622.32326386
    392.77344716  458.29674775]]]