[[[  -8.388      -129.33188091  -67.9528034   -52.22767111  112.55505846
    169.37407773  247.15761237  -37.93507333  -40.92747146  -42.82099824
    -33.71786528   95.31123907  303.78880738  257.14026438 -176.5709975
   -352.29064769 -416.12783328]
  [   0.          -61.69778725  -13.82696438   50.9880063    61.69719845
     38.28510901  138.96813617  -32.06460339 -154.31419612 -247.53800498
   -279.05845633 -103.24146005  -80.21645879 -208.57240965 -151.10409714
   -140.49727222 -248.59238197]
  [ 513.56885651  510.64833452   56.52368042 -369.32763397  516.48941623
     65.30599457 -346.81222122  772.83545593  970.94219387  949.86044629
   1043.85149048  967.99861655  819.43602441  729.11636007  908.43041139
    699.27222943  759.1950623 ]]]