[[[ 394.9         291.01616366  397.12784622  323.59192743  498.7832169
    459.49036223  356.62095407  332.08460332  318.67579474  299.19027176
    321.56317893  438.32896998  583.04618247  594.24868478  205.28341345
    103.16317923  118.79717399]
  [   0.          -51.72762436  -82.73903875   -1.46462623   51.72687287
     38.42728596   83.60213397  -64.81005041 -206.17817279 -308.86454041
   -346.44741346 -167.53481395 -124.51762793 -206.36075184 -197.97790648
   -199.34191881 -265.92686753]
  [ 412.80295785  405.25107883   46.58896098 -307.92493876  420.35474198
     62.97481699 -312.79130936  640.68980767  786.04759024  720.39373564
    820.05681728  778.55307769  565.81137077  275.34695199  743.54563131
    497.27162139  403.03932323]]]