[[[ 347.743       243.92306731  315.16476229  283.89258174  451.56183185
    725.23785979  659.3651964   261.18090948  252.69915976  243.04264882
    257.38695409  371.2832836   561.24144733  578.90321402  136.2799796
    -52.12390177  -53.73339501]
  [   0.          -81.82358071 -159.43747634 -113.21338479   81.82262948
     53.74599339  159.87869563  -40.97186357 -134.84785693 -239.34746144
   -262.45759148  -80.75553469  -65.51820408 -189.85699474 -156.14471675
   -273.62762904 -365.63476556]
  [ 386.2765536   366.3820266    11.947516   -344.20181615  406.17092123
    118.17216999 -250.19235595  619.59127007  808.69895512  761.82894112
    850.83686355  785.02035902  604.0457475   358.6757801   780.36589343
    778.86001496  775.87127261]]]