[[[ 6.28100000e+00 -1.24781833e+02 -5.84834478e+01 -2.87556663e+01
    1.37343058e+02  1.97080841e+02  2.85433223e+02  8.98106502e+00
    1.72714333e+01 -2.61763986e+00  7.97800965e+00  1.60699595e+02
    3.78485158e+02  3.20918943e+02 -1.28904817e+02 -3.58785830e+02
   -4.99333492e+02]
  [ 0.00000000e+00 -4.80119303e+01 -7.50965843e+00  7.17766549e+01
    4.80115415e+01  2.55462483e-01  1.08442944e+02 -3.07273105e+01
   -1.44523389e+02 -2.37369860e+02 -2.57936469e+02 -1.05884558e+02
   -1.05274767e+02 -2.36063100e+02 -1.25477820e+02 -9.12054360e+01
   -2.14132964e+02]
  [ 4.60089744e+02  4.64951048e+02  2.86947781e+01 -3.91777824e+02
    4.55228538e+02  1.24193193e+01 -3.85643980e+02  7.17050116e+02
    9.25975503e+02  9.16376193e+02  1.00980157e+03  9.16661036e+02
    7.80930180e+02  7.23805329e+02  8.76049770e+02  7.18194127e+02
    8.13672868e+02]]]