[[[ 165.193        35.00491425   -2.34364555  -10.68054506  295.38013131
    278.13978725  217.55523681  154.37493306   88.86432954   72.37226271
     71.80926928  238.5339353   498.50322769  395.36692104  -37.12755437
   -164.3599367  -291.91480876]
  [   0.          -16.05398383  -17.72261647   68.89818876   16.05391025
     15.33161264  146.80885453  -97.2747212  -257.32626466 -364.41017322
   -388.76935608 -246.3387207  -352.53594176 -433.63514832 -213.46718507
   -179.96542155 -245.70976591]
  [ 290.51367796  296.35939509 -100.01258918 -453.57423806  284.66808182
    -97.47020389 -473.9680602   511.49658534  661.10699567  624.98547999
    717.20328639  695.85743274  798.83114038  857.77873816  588.92047596
    372.7563092   249.78940159]]]