[[[ 362.411       250.00783598  247.40972811  184.45056492  474.81337714
    565.09877512  585.00932625  284.86754594  258.80461982  260.1669165
    273.40387188  378.17705952  579.53133006  795.28089072  138.50794926
    -71.11096153 -165.60396329]
  [   0.          -58.08416285  -58.04633874    7.41533563   58.08359493
     36.1573659   109.24984891  -52.58463393 -161.85422991 -265.97038611
   -274.53301448 -100.87707972  -62.90210284 -207.1936353  -169.02313808
   -220.95533359 -376.39513476]
  [ 370.28119681  356.70378663   16.62680379 -359.20768374  383.85849933
     42.72364231 -349.69957148  591.68422156  781.81848442  766.33558611
    856.65686355  782.00377685  727.76556782  728.58817693  735.89912814
    654.15423184  639.84908327]]]