[[[ 471.27        381.30180271  385.01578288  372.14518318  561.23765732
    631.68507497  690.79192943  547.74424888  650.03218735  605.14646199
    652.03942957  740.27060774  895.52072337  813.04058178  540.05341853
    309.80305636  165.90003933]
  [   0.          -15.93983144  -43.53538288   29.71030481   15.939765
      9.54369066  107.24969713  -86.52653019 -196.42418759 -267.89303878
   -272.9316737  -179.38404565 -285.49964921 -414.31244604 -168.5213362
   -179.81873147 -277.27783661]
  [  89.12090963  104.74849459 -262.74640239 -613.07156456   73.49347003
   -283.98972051 -606.33490599  295.8920394   469.17053089  468.18833055
    558.68216005  410.49188142  307.13435423  450.69955335  494.3479948
    626.93813299  809.48686355]]]