[[[ 377.07        259.15306543  171.93269075  300.0194988   494.98602381
    503.26901033  495.1042153   403.92496611  431.00618876  390.59671768
    414.28700159  554.0367198   717.50136456  728.20757948  307.89317422
    162.71471052  158.3511625 ]
  [   0.           -1.94787035  -10.67234382  171.09099639    1.94772168
    -62.0920403     3.21023997  -88.23573486 -249.38117127 -346.00428978
   -386.42468013 -237.51134705 -223.36607079 -285.38537343 -211.98943185
   -159.66471422 -205.65878481]
  [ 433.78729459  451.01294265  119.18040041 -185.66989362  416.56176521
     39.55580838 -321.10490571  673.28206296  825.326534    761.63613985
    859.95584367  792.49511559  580.14440845  308.17127164  804.76816055
    570.93465721  278.89800963]]]