[[[ 421.21        322.68250802  366.01138173  354.65460206  519.73675794
    599.57211396  539.35707339  398.05225102  409.11799792  402.39835338
    402.31865976  520.04201586  685.5548634   800.67238669  304.8416462
    261.94150522  316.22719555]
  [   0.          -67.70275304 -111.3276522    -8.05023188   67.70206909
     49.11507992   92.33247828  -97.91074723 -274.83235339 -373.42335223
   -415.59430456 -209.75424382 -174.83743664 -280.99153612 -292.91779704
   -333.31953906 -404.67626898]
  [ 397.96995785  384.83065209   25.58649684 -292.76313402  411.10913565
     83.44656171 -283.77794345  627.2857727   759.71167254  704.97698507
    806.35389973  759.64344832  575.50009555  307.50413969  698.19117557
    438.87479639  155.39707619]]]