[[[ 459.38        334.53987716  363.10964165  338.75865896  584.21919895
    649.12326559  679.0095942   429.8648234   420.63574379  382.47509587
    388.83319429  563.54824172  862.10550106 1128.55536968  286.50805959
     31.10986185 -192.83783178]
  [   0.          -36.79308592  -50.06900816   34.97794825   36.79267552
     25.70209918  130.96862894 -111.70806179 -267.7142716  -372.30899684
   -386.85791439 -223.26329441 -213.64080497 -344.75696732 -238.68948783
   -251.22122492 -388.53618674]
  [ 376.48687094  366.4727873     7.01086743 -341.693852    386.50089967
     24.48129882 -329.16166611  590.84564205  742.92986652  707.19688563
    798.0520714   761.51894081  831.49987751  841.91086355  709.62916615
    689.230021    711.01533   ]]]