[[[ 365.327       286.11426326  315.97212314  233.61424997  444.53916579
    632.30442811  664.09004867  293.24830934  279.75287786  329.01360194
    335.71536047  371.78058225  537.65644464  672.55110436  199.5631592
    206.12822419  342.93645202]
  [   0.          -72.76211917 -118.3626166    -5.45212668   72.76138872
     14.8735008    53.53793595  -99.45805069 -264.91539553 -355.1212416
   -394.21819517 -192.48595484 -168.97530553 -300.82866769 -299.12503131
   -362.04913625 -434.2992055 ]
  [ 377.33895785  352.75057267   25.25056682 -271.35971649  401.92715009
     90.1269622  -279.4316675   583.16845356  712.98192557  658.82902075
    759.69245786  726.48407637  583.92581067  386.98768887  635.24519605
    357.14992492  186.39822227]]]