[[[ 341.663       221.5693683   196.04708914  129.5863957   461.75560292
    573.77914847  719.84266771  318.8943414   333.11579072  335.57537905
    366.94857165  457.10307613  588.27327238  630.34189103  199.89930698
     15.12175893  -91.81025409]
  [   0.          -49.64229751  -40.6938099    43.26184791   49.64176538
     35.75555982   94.09875894  -74.35767352 -222.4786822  -323.12649937
   -371.52865037 -178.46399392 -111.82632798 -158.34622517 -211.71167656
   -170.45761548 -208.26841613]
  [ 412.57498368  410.10897438   20.94375877 -327.10186674  415.04096113
     44.55660735 -312.96166611  654.36711765  809.51765601  754.20157896
    847.89786355  799.56276459  587.2011854   284.42611859  765.6919524
    561.99823394  343.67974718]]]