[[[ 371.11        255.5015824   200.56554255  136.93597574  486.717784
    571.77689337  634.38243188  374.89769109  406.78600044  388.20947822
    407.05388239  518.69295472  635.65347819  770.54705834  284.0449341
    129.01249128   31.85124537]
  [   0.          -38.35134526  -77.63062442   20.3222108    38.35104247
    -22.82112977   40.13301336  -57.00582582 -174.45023711 -269.29573809
   -279.56572144 -128.67093657 -101.18738769 -243.1715955  -169.22921952
   -149.81137985 -246.52844633]
  [ 346.77592826  354.20432958   22.68056617 -347.51673722  339.34760525
    -11.99737237 -374.56953747  585.76116149  785.14322649  754.56285224
    856.70986355  754.08512535  561.10305601  625.0949255   762.31438765
    590.77895662  622.34861245]]]