[[[ 350.704       251.17652772  274.6170897   266.36380538  450.23095031
    477.90625743  492.37189808  338.2210202   363.56344968  351.38214916
    372.79768514  469.34273057  551.32812822  462.92224034  253.1403313
    156.91834741  218.0031731 ]
  [   0.          -45.57450384  -67.54573299   36.58195244   45.57390882
     20.25859931   78.1465039   -61.18173548 -195.36360441 -287.70902125
   -318.27558934 -159.23826433 -172.41809391 -280.93209439 -196.0178023
   -188.52010473 -240.72351232]
  [ 402.42303439  407.34399326   31.98394243 -333.6129676   397.50206169
     27.92397066 -336.72427373  634.90383575  810.53741016  761.4429542
    862.61086355  775.48652096  519.74717048  378.45050631  777.37295403
    534.96524243  362.28871589]]]