[[[ 324.1         470.77201075  432.56769788  459.82018319  177.42917018
    183.91013696  169.24149682  332.89342707  330.75988138  319.21232596
    309.63223264  189.82065099   27.19163194   71.59856265  473.60578715
    704.96979064  828.58331641]
  [   0.          -44.69587658  116.68685496    7.94124857   44.6953687
    212.19467367   89.72120995  -55.72855363  -36.4069228    66.33523429
     11.84758355  -17.40283035  -20.15724911   76.92292796  -97.15654979
   -166.21430775  -13.20857186]
  [ 336.38357615  333.87829831  -80.1943246  -502.07619503  338.88889266
    -72.79570763 -499.71221707  599.10623073  838.87702852  845.95244361
    943.49677118  772.63941092  513.3150762   310.31310683  818.16578926
    676.235365    651.93409468]]]