[[[ 5.53640000e+02  4.34196255e+02  4.35467469e+02  4.18551376e+02
    6.73082905e+02  7.06500754e+02  7.55951619e+02  5.38802175e+02
    5.53639446e+02  5.20965062e+02  5.35990847e+02  6.85465759e+02
    8.78994026e+02  8.82136653e+02  4.20044457e+02  1.86213935e+02
    1.65590025e+02]
  [ 0.00000000e+00 -4.24190094e+01 -5.69325948e+01  1.46582845e+01
    4.24185492e+01 -3.75978600e-01  5.41674437e+01 -7.73962621e+01
   -2.00971068e+02 -3.02404914e+02 -3.12932576e+02 -1.70890387e+02
   -2.95144680e+02 -4.39316528e+02 -1.86351001e+02 -2.80399859e+02
   -3.89345740e+02]
  [ 2.20296900e+02  2.18035384e+02 -1.30377899e+02 -4.99908148e+02
    2.22558407e+02 -1.31800034e+02 -5.18840493e+02  4.52753553e+02
    6.35564049e+02  6.06049746e+02  6.95134775e+02  6.50295688e+02
    7.96436216e+02  8.65628864e+02  6.03287179e+02  6.25021993e+02
    7.41931877e+02]]]