[[[ 259.377       125.77910035  157.50817985  175.34915982  392.97407093
    400.96121493  343.96886868  251.04003952  272.98382482  249.49210298
    267.38990718  416.61899308  682.43002657  749.61762232  124.80396562
   -145.1666072  -256.90768786]
  [   0.          -42.36508936  -23.38968253   56.56966879   42.36465541
     29.32858225  159.16014789  -62.12862837 -170.3859318  -276.79750856
   -281.57062732 -132.09719574 -199.71501803 -356.94349362 -152.9984451
   -228.62509913 -376.45844483]
  [ 218.0970789   223.30850517 -170.38382012 -559.9944575   212.88572512
   -177.31303074 -560.18403201  461.34328408  664.90516187  650.94116277
    742.22846562  650.31811992  717.25510521  812.95900694  656.77263721
    740.20870761  906.8871109 ]]]