[[[ 4.56490000e+02  3.38003905e+02  3.98601089e+02  4.33552308e+02
    5.74975352e+02  6.29058194e+02  7.07630842e+02  4.61182672e+02
    5.04192422e+02  4.77215267e+02  5.01434467e+02  6.43117603e+02
    9.68183184e+02  1.20808520e+03  3.68702993e+02  1.16858649e+02
   -1.35668775e+02]
  [ 0.00000000e+00 -2.91624867e+01 -6.73368438e+01  1.35383309e+01
    2.91620686e+01  2.78587552e-01  1.07474343e+02 -1.26706309e+02
   -2.80869477e+02 -3.79812710e+02 -3.93079875e+02 -2.39428827e+02
   -2.70405695e+02 -4.45152606e+02 -2.50062911e+02 -2.57553372e+02
   -3.87746834e+02]
  [ 3.11282971e+02  3.07189612e+02 -4.08411888e+01 -3.79728057e+02
    3.15376321e+02 -3.64245063e+01 -3.63760134e+02  5.24505363e+02
    6.74733847e+02  6.26909966e+02  7.17719621e+02  6.68919581e+02
    7.28618274e+02  8.18375864e+02  6.73421837e+02  7.10296886e+02
    7.87406765e+02]]]