[[[ 300.73        203.56576175  232.66207218   76.2856806   397.89363079
    543.03803722  574.91348466  197.3857588   143.53584347  149.08554233
    120.85161586  270.23105291  558.37464011  773.77479826   48.77368388
     49.37034477  220.52664249]
  [   0.          -89.74321165  -64.18850831   21.87313823   89.74230969
    107.09944716  199.47737735  -72.27877336 -194.96847493 -291.88368304
   -309.43179222 -120.53208396 -132.39224849 -340.17113578 -238.20549828
   -362.77828477 -463.44888328]
  [ 398.0977094   375.47360285   -7.98584622 -351.18221637  420.72165506
     43.36557263 -337.23558217  622.02786598  786.5409751   759.95378399
    848.47092577  804.61771919  791.14470391  747.16442307  716.68421089
    518.68580467  486.91287903]]]