[[[ 397.74        292.09465878  354.33787825  431.7802752   503.38446094
    557.12492695  630.86475164  393.3785449   446.54214262  428.39162451
    490.06802318  560.39290461  747.34079081  663.83720664  318.79159048
     51.03224395  -54.94636145]
  [   0.          -17.25232591  -39.3906045    12.49676036   17.25183726
    -22.43067827    6.23033651  -65.49111717 -196.32460942 -283.40550218
   -317.13691689 -181.1283433  -178.36317288 -253.35736373 -162.21104848
   -171.09255971 -275.46244092]
  [ 382.37374599  389.60971674   27.47997429 -338.25423772  375.13782114
      6.86866454 -360.07416614  625.66746733  795.53786043  749.16462766
    842.07586355  741.06669597  523.02664841  272.37068339  807.94003817
    768.95655347  817.65966211]]]