[[[ 353.626       267.34597334  360.93384914  152.76503767  439.90528336
    687.85009963  630.27266227  231.38474642  158.5235695   187.90060117
    183.92614521  277.53423361  507.52153685  568.31197385   71.78966547
     80.31243764   84.62605982]
  [   0.          -65.59989917 -169.56845432  -74.92590225   65.59910643
     15.71901834  112.62465925 -107.54652268 -277.85686614 -379.3517292
   -414.1910683  -230.39265991 -220.10581835 -329.94484557 -284.87419406
   -358.79889413 -479.90067862]
  [ 330.30095785  288.86685664  -56.53347962 -239.74984284  371.73474776
     86.50320122 -245.79980289  510.73067365  627.93101985  576.15853273
    668.39679771  659.71322747  555.13121008  294.77459151  548.71687228
    299.95944384  388.07330975]]]