[[[ 247.642       134.89117054  193.36925381  141.38611631  360.3919614
    362.30790922  299.33680967  205.90890487  191.64211501  176.68190713
    187.26550908  322.22662873  575.06335583  517.3661151    62.46575293
   -180.94832583 -188.50832943]
  [   0.          -41.37159921  -43.82436041    4.86328341   41.37114508
     61.35981843  145.98327464 -113.63774099 -293.62987501 -400.96997652
   -425.54268742 -252.36280991 -297.51935968 -362.65175524 -272.46500639
   -334.99655815 -428.67020716]
  [ 403.27350376  396.47110456   30.36328903 -355.94664269  410.07586286
     27.36808591 -356.53290571  605.77265539  731.29879095  705.88338057
    796.35167261  739.14284369  727.66679135  548.87512261  687.75992416
    653.7762918   562.11019899]]]