[[[ 300.486       196.90646331  211.35821437  313.70829947  404.06490579
    385.69647404  673.74961327  309.69974526  309.25068603  239.54245085
    253.7679693   434.49999433  633.72488542  543.91015021  193.4512254
    -50.14617998 -166.97823382]
  [   0.           -1.56522746   22.68399441   65.7715736     1.5650783
     50.99821816  238.29003682  -40.61822582 -137.49447859 -214.8478162
   -232.41537664 -149.09495807 -214.33804209 -316.33420027  -80.64432528
    -33.42186961 -170.71110944]
  [ 451.82735688  457.51628556   10.112598   -372.40378858  446.13846776
     52.66173432 -208.89471716  688.72546258  890.6359968   871.15986155
    964.60614546  888.26511006  749.87309347  710.36926953  844.98577345
    699.5297488   807.8009219 ]]]