[[[ 485.86        385.53804489  461.79596576  546.92851956  586.18123722
    616.67419309  673.00650912  469.19946209  485.28331341  452.60816847
    481.1975377   606.7853948   849.26700016  991.34947083  368.83654994
    141.8802633   -65.95432997]
  [   0.          -23.38876272  -38.33139774   15.88607376   23.38840815
    -25.05321724    4.91323655 -109.47791481 -263.3263584  -357.67340084
   -376.99819615 -231.78982786 -241.9761027  -367.54800792 -231.11848061
   -245.17411685 -376.28971939]
  [ 372.48904789  365.81474419   21.99607999 -295.65681476  379.1633202
     26.54313778 -334.26403091  581.86003432  729.5739645   681.13057672
    775.58982898  724.06662123  649.86376215  537.93965594  712.36925772
    702.14976358  815.41286355]]]