[[[ 309.368       167.56274103  265.794596    384.45809266  451.1722514
    421.28457297  455.51916891  287.44000184  287.56607336  208.68896011
    217.09763204  451.32918088  802.89409855 1106.9602155   137.93542532
   -156.06279977 -419.13807238]
  [   0.           -5.58968246   47.68273193  235.88377097    5.58953543
      6.70921241  173.86986861  -98.14178349 -250.09403436 -365.05110324
   -381.01286627 -228.89591047 -193.2397673  -314.43677323 -187.83479104
   -139.54496218 -287.95831526]
  [ 381.00849886  382.68681663  -15.35118014 -231.7411528   379.33020283
    -47.7705627  -288.21055098  590.00725915  752.12813313  726.48768209
    823.76808405  728.17854797  639.4415848   515.42806115  760.59661448
    778.65196237  833.08286355]]]