[[[ 300.679       193.0672966   246.13946821  265.15968048  408.28997688
    449.56101172  457.37524302  262.94746261  256.07546443  229.6557897
    233.41556162  376.98112484  510.78668684  565.34925686  142.16488783
     30.81795255   29.36875375]
  [   0.          -49.01204602  -52.64175325   52.35367415   49.01147003
     32.84335281   90.32189025  -84.21890583 -250.54529236 -350.95394027
   -395.33627846 -207.96863823 -163.54320343 -238.2617594  -241.91939596
   -220.73638644 -273.30442244]
  [ 427.39295785  421.19372921   42.96497191 -311.57594247  433.59212699
     62.54560222 -314.98545798  662.42056673  795.37682848  729.43548911
    825.84852213  791.35296453  590.49870558  293.25242096  741.5670871
    484.88210369  177.48158555]]]