[[[ 394.63        262.61750226  191.6073361   107.96607211  526.64154609
    669.99400215  740.2686192   400.91176132  431.72942468  405.74929813
    417.22485015  567.78753334  806.3670049   868.46764212  290.71950837
     83.15692262  -19.10025256]
  [   0.          -50.30672625  -65.43053047   20.16002935   50.30636305
     29.4038635   186.65325138  -60.81130603 -148.72871923 -247.60310097
   -241.1390377  -105.65466122 -196.69737512 -394.07722891 -143.89083092
   -248.68134799 -402.10489446]
  [ -25.71895006  -21.86186124 -400.43325013 -804.34818237  -29.57595925
   -399.86082063 -765.69791419  218.72370413  433.8112391   437.78177203
    517.2230174   433.48658604  631.11782651  852.57312772  414.93853268
    610.1049858   895.52923231]]]