[[[ 327.024       233.9126907   293.4783101   457.41859297  420.13476457
    407.84612224  618.29176099  410.80903458  559.00726069  500.96851259
    567.58645089  642.73537727  743.30206514  850.70795554  444.47290486
    189.97647073   45.16043273]
  [   0.          -10.96287427   64.71646326  159.06446946   10.96256879
     34.91933006  140.8844758   -56.02689877 -150.85735913 -217.6233804
   -241.60201947 -121.05681409  -65.84067458 -143.94936802 -123.91202842
    -80.62494777 -189.86841389]
  [ 205.77854455  224.76099128 -231.53586194 -610.37482621  186.79622875
   -265.31156555 -613.43933082  445.44781526  611.74889092  586.43001559
    680.37399288  523.81329642  250.98539588   40.58000327  661.73847799
    760.64603917  941.98287537]]]