[[[ 2.35881000e+02  1.26312002e+02  1.54124570e+02  1.54717258e+02
    3.45449504e+02  3.70866511e+02  3.71973432e+02  1.89225150e+02
    2.03201639e+02  1.90006528e+02  2.08988075e+02  3.20389017e+02
    4.38586897e+02  4.66153615e+02  8.37241320e+01  6.36119367e+01
    9.19776539e+01]
  [ 0.00000000e+00 -6.90476518e+01 -4.12847708e+01  2.66012586e-01
    6.90468996e+01  1.06995106e+02  2.06188334e+02 -4.90525231e+00
   -8.87426992e+01 -1.80399854e+02 -1.93089999e+02 -3.59778955e+01
    9.10228300e+00 -1.02019444e+02 -1.18789356e+02 -2.34098453e+02
   -2.83023568e+02]
  [ 3.89462357e+02  3.89809362e+02 -1.88736433e+01 -4.29446624e+02
    3.89115322e+02 -3.96199660e+00 -3.69312277e+02  6.51312761e+02
    8.63191811e+02  8.34811248e+02  9.32729981e+02  8.32763003e+02
    5.87432725e+02  3.69629308e+02  8.23538232e+02  6.57852747e+02
    8.27754766e+02]]]