[[[ 485.86        374.06836549  315.33198746  290.2595562   597.65107551
    582.89722299  598.10208897  470.30877404  453.4719943   381.70916525
    388.08106423  574.77289627  676.00283723  757.09171729  338.75964536
    212.27741673  114.05322886]
  [   0.          -11.48053257  -92.26041216   -9.80493748   11.48039902
    -67.40256462  -30.81293883  -82.77774671 -221.63041096 -314.01278617
   -333.91310301 -212.36854465 -204.99296903 -311.78007289 -184.81848662
   -167.95596801 -280.54270129]
  [ 359.77695785  361.82406994   65.95521532 -240.32445311  357.72986884
     53.62723802 -265.21320522  575.69306168  731.86137696  656.46068444
    759.24883977  723.99126202  520.38362588  508.03721509  700.42273763
    472.38287558  530.56404052]]]