[[[ 465.32        366.25572526  392.97934424  439.16041296  564.38376202
    605.38037545  562.95251427  505.68988102  577.46211679  553.51746181
    573.17667895  680.03936996  749.50257111  681.15644481  457.80202954
    389.1305149   503.14288553]
  [   0.          -53.07507569 -126.97995668  -44.6941203    53.07458421
     20.35904363   69.96647334  -97.64498697 -260.59748153 -355.8025855
   -393.13705873 -213.65349839 -197.93539514 -315.0020262  -270.42675887
   -305.5665752  -349.97366157]
  [ 377.37395785  377.29934116   22.46225922 -316.98354049  377.44854103
     44.04728024 -302.04893074  600.61601398  732.7215261   669.25084562
    768.75290825  707.96085361  472.09991695  154.60142699  704.73464088
    468.09622268  387.29518717]]]