[[[ 324.121       215.82292795  129.44291835  108.52130977  432.41824922
    617.18906206  712.81082642  308.82346327  313.23555009  307.47742116
    310.95187221  428.53575402  598.04874393  541.64938079  201.42013174
    125.85959581  152.93219025]
  [   0.          -47.72950254 -117.05783059  -44.33174636   47.72909376
    -41.58376404   44.23996809  -67.27696128 -172.23053058 -267.61530374
   -263.15298976 -135.35721686 -258.02289017 -407.40168065 -183.44402457
   -356.50252524 -430.09089606]
  [ 196.6961998   193.57248141 -121.56363442 -485.23211243  199.81992814
   -104.52230692 -475.99623913  429.78284993  632.29924289  625.66105264
    708.3967888   632.51783524  694.58766648  798.51028804  586.35022525
    646.16386914  818.41486355]]]