[[[ 500.76        391.48517154  480.08538937  618.24989918  610.03414524
    632.77428449  702.38159407  467.54648333  482.52062678  467.79399568
    486.39624802  613.02495625  864.89928879  967.7638303   356.66326576
    181.25481184  149.01192132]
  [   0.          -55.08885619  -35.14975749   -5.14578066   55.08826669
     20.25347071   43.50614234  -48.34594762 -140.64013286 -237.18970558
   -234.0161591   -93.65414451 -188.53870125 -397.92450472 -152.6102669
   -305.27009365 -398.66476343]
  [ 235.92655994  231.34446755 -116.23822226 -516.46132012  240.50861631
   -125.24173082 -531.16300311  471.74281514  670.23444646  653.36268568
    741.1225803   649.07615989  600.53700028  717.89052569  654.88286625
    764.19467921  901.57156304]]]