[[[ 485.9         372.91356583  441.18583904  492.57782531  598.88572315
    592.18758909  591.34199766  484.69381408  529.62543636  517.13472938
    554.62857046  654.00597641  862.61636779 1075.45186387  394.74596263
    133.23795043  -71.45196708]
  [   0.          -34.99231618  -32.7856776    44.0844713    34.99189459
     23.84758893   96.47084915  -82.51007587 -212.31843408 -311.19284325
   -325.50128638 -165.5921434  -137.7272284  -287.46146812 -194.30030419
   -179.24085006 -296.57108582]
  [ 432.21227869  429.5785077    57.68776028 -308.19858906  434.84604162
     52.93710379 -322.20710707  662.84142258  837.54061694  788.04797971
    888.79638576  812.8986013   657.73951401  717.86202316  835.89709717
    759.72764441  832.5778588 ]]]