[[[ 324.188       234.85508408  211.3030085    28.04800054  413.52032678
    555.01055698  645.59711054  237.15478209  218.40447391  264.99405242
    263.80148217  325.49366875  586.74280518  813.39140018  120.08558645
     39.35313113  209.65609773]
  [   0.          -87.0623807   -45.65923518   22.51008887   87.0615115
     95.3995491   171.93765796  -67.80327298 -185.90934555 -272.46522478
   -302.00596308  -98.34384062  -62.17773193 -248.37461662 -233.89808811
   -359.7476651  -442.59239864]
  [ 402.05216634  384.4654987     6.37667863 -354.86338785  419.63871651
     34.49992335 -361.32189796  630.94928337  809.86905988  781.04023095
    874.2710643   817.55633627  771.0938785   692.55046505  745.89756607
    538.71758575  567.33622058]]]