[[[ 394.85        278.50138764  364.7736711   285.9285089   511.19780295
    468.21063877  376.98113984  335.22779179  308.44621913  275.15388281
    300.75719508  441.94763668  606.37507024  649.83814594  182.76086419
     19.40667767  -90.78136956]
  [   0.          -41.462573    -63.66388322    4.40520308   41.46195855
     37.9942348    95.83250874  -78.01197998 -235.01686548 -342.17998632
   -384.80981241 -203.74359403 -138.6539558  -193.718068   -205.01573222
   -174.04865881 -259.03954734]
  [ 412.81395785  405.28399166   41.83006675 -319.0863134   420.34385863
     56.52280007 -330.52222351  638.05718953  768.17712075  694.85802214
    792.93741498  769.55725225  579.64799153  292.2672077   724.54603291
    504.63780718  402.27997978]]]