[[[ 406.57        317.51290658  297.29180264  222.92124458  495.62657185
    586.96920062  677.50774706  390.07223944  424.9694236   441.26989265
    474.60209436  516.63500607  653.36422979  666.56200844  321.88625193
    209.45873288  219.16563411]
  [   0.          -49.32244016  -56.8935525     3.74791889   49.32187533
     24.02546768   57.81135212  -46.28440406 -130.4531468  -205.4087997
   -210.08861043  -84.20823635 -134.38800125 -284.99499275 -153.94921465
   -259.1290711  -302.08100891]
  [ 317.13477092  321.8059878   -37.68525605 -403.41761675  312.46357254
    -58.50543494 -424.24367987  556.63460246  770.72508495  752.74445136
    853.76186355  729.66294122  557.48978031  711.6483854   749.28086035
    612.38090407  743.03029078]]]