[[[ 229.932       115.61241276  144.84987024  158.14708176  344.251027
    348.00914814  356.45981097  182.72342019  190.39317242  178.30626188
    195.14188871  313.39233798  443.21137025  472.65463463   65.07619278
     -8.0378578    50.57983248]
  [   0.          -62.33829234  -40.98404445   -2.8750633    62.33763506
     87.52850726  183.57009296   -9.51488046 -101.37573846 -199.57523539
   -215.47271415  -52.96532669  -14.22022798 -140.67280993 -120.91507305
   -216.985072   -285.08042996]
  [ 383.20977752  384.16538266  -19.30045686 -417.5926815   382.25415316
     -4.36268816 -361.68882005  639.43361942  845.80534601  809.7646708
    908.77245902  820.72570924  587.47070439  426.68423541  805.31823189
    624.76582787  749.37709267]]]