[[[ 359.388       260.85443642  285.86641065  298.26918114  457.92082291
    471.11875597  422.22936438  370.0503202   438.17827615  404.81337716
    440.91447719  534.79760944  619.69912273  677.90320908  315.0822156
     77.58097875   81.47023478]
  [   0.          -39.90783807  -41.86925983   17.4025463    39.90726715
     71.96671065  166.36448682  -40.29226217 -141.05974745 -230.11010217
   -251.84136375  -96.25715573  -37.83910589 -106.42001559 -139.05142789
   -189.72431403 -282.55526784]
  [ 324.73348679  330.88977614  -59.71915784 -461.97160676  318.57720268
    -64.93210922 -431.26354644  575.86409571  781.05736039  766.38145365
    864.15691147  717.29694961  457.59465256  193.53931573  782.4926374
    764.17440162  897.81409355]]]