[[[ 365.328       227.80895164  271.93191899  300.45295402  502.84618405
    493.65379196  459.30731584  312.95556063  281.08319324  207.06006116
    222.7867937   433.8707143   605.99123538  651.06350084  134.48080981
   -129.54157037 -275.01423322]
  [   0.          -33.59934556  -45.91945062    9.88782436   33.59891041
     18.66274558  131.80932805  -45.88690838 -176.1083354  -291.97707268
   -314.90723461 -157.52971089  -94.2132681  -178.42484771 -130.516606
   -117.51691344 -294.49718669]
  [ 410.4075283   405.45535853   35.49511792 -319.30484982  415.35965737
     59.06983843 -291.70122187  653.94962457  819.65385128  761.18650032
    856.68786355  820.43012982  641.23948415  343.37171111  785.54174881
    664.53040549  791.17620084]]]