[[[ 353.525       240.48596725  201.49615063  189.64032061  466.56311025
    564.38658391  633.15779838  316.87473991  282.28648883  251.49086001
    258.05878099  407.50946261  590.95892379  650.11853271  166.02060801
    -37.56877635  -92.90362441]
  [   0.          -30.5346305   -28.71037132   48.91627146   30.53432536
     19.33454356  131.90633549  -70.21335846 -204.31900366 -308.70425883
   -325.01417945 -178.92565813 -212.55586288 -308.43258708 -176.64925487
   -217.10066079 -371.18554661]
  [ 413.68437189  410.26881163   47.42462665 -338.91114724  417.09991649
     50.08563991 -325.95926586  637.73122135  818.04985802  795.61154489
    884.07251913  834.22656297  834.01125632  782.42361655  762.33161302
    645.0311608   747.84658663]]]