[[[ 515.4         445.32906254  382.58380553  405.01951731  585.47046491
    607.18200285  783.15149655  518.09261775  516.91943378  456.37330872
    471.13612369  601.01369775  694.9271627   728.47318807  438.15873961
    290.47610284  102.91782175]
  [   0.           11.54534482    3.97729488   48.35814652  -11.5452212
    -36.7786767   -31.244669    -73.30924185 -183.95025225 -241.71544212
   -256.71759507 -190.13617616 -208.91951743 -275.03820219 -137.35668339
    -77.29652096 -110.82732888]
  [ 341.76690558  346.76818135   46.25464877 -273.73107916  336.76568014
     27.14272579 -300.7476597   554.48868991  727.72882746  698.58303314
    800.80086355  704.03971299  532.50287547  384.19158543  691.00655311
    531.4221263   426.53239537]]]