[[[ 441.96        351.21449856  388.38343113  624.6214557   532.70500983
    433.10960772  618.94183478  438.30449137  470.22644298  458.51039573
    499.15007973  581.51681775  846.81595885  861.82186673  362.4533121
    163.51566942  146.19160443]
  [   0.           -2.47777014   29.57110346   79.83167677    2.47747479
    -15.06869029   27.84195431  -58.86121057 -150.2677789  -227.35208533
   -229.59176281 -138.30195208 -258.32036418 -400.98479819 -126.86119698
   -206.35719396 -283.29433152]
  [ 343.13513055  347.00434676   -1.90859045 -329.65003181  339.2659033
     -4.80604353 -359.21268302  568.5539797   761.8105963   747.18454302
    836.82893325  735.13638963  679.68429538  780.70908645  747.73897726
    759.87032416  859.56886355]]]