[[[ 300.519       254.23739667  275.49251675  293.13686204  346.80049101
    328.97078831  385.00129397  280.68118938  284.86369301  237.73553353
    240.78689093  345.4753053   480.97010024  548.54043994  240.77303446
    229.05903902   44.37113902]
  [   0.          -39.60128796   65.73741494   95.46370124   39.60090885
     83.12128835   95.57918724  -42.8308286  -115.2374654  -134.23664565
   -157.36806121  -82.60595187  -80.88203729 -183.79713368 -115.20310749
    -80.7058024   -56.2676578 ]
  [ 309.27794721  311.93612507  -90.4950875  -495.47300281  306.61982311
   -113.36944573 -514.90944393  557.32581508  777.03046309  764.43445503
    862.92369037  742.24388792  605.24481745  447.42017741  755.60225324
    883.34318787  935.27339114]]]