[[[ 2.79933000e+02  1.88943902e+02  2.66132624e+02  8.25464227e+01
    3.70921513e+02  5.32711079e+02  6.24406878e+02  1.77375984e+02
    1.32886482e+02  1.78420478e+02  1.68144865e+02  2.49961574e+02
    5.26463339e+02  7.56041452e+02  3.52998240e+01 -2.24185830e+01
    1.35779411e+02]
  [ 0.00000000e+00 -8.30667381e+01 -7.24493527e+01 -5.65451780e+00
    8.30659611e+01  8.31497940e+01  1.60980489e+02 -8.05286442e+01
   -2.20875029e+02 -3.15054970e+02 -3.41238357e+02 -1.42431120e+02
   -1.19105904e+02 -3.06572885e+02 -2.59824462e+02 -3.66315629e+02
   -4.74182937e+02]
  [ 3.98018958e+02  3.71126951e+02  5.89052038e-01 -3.14541822e+02
    4.24910788e+02  5.43105277e+01 -3.01026870e+02  6.13617431e+02
    7.70445215e+02  7.40315159e+02  8.31412079e+02  7.95290426e+02
    7.81757172e+02  7.16060681e+02  6.94802330e+02  4.54504088e+02
    4.69715968e+02]]]