[[[ 227.019       132.81000375  195.86818523  230.59271417  321.22769605
    396.1192473   444.63111911  217.36943641  272.41442493  282.54238982
    316.05864608  362.34392314  405.12574625  423.99920193  160.99024398
     66.04990175   47.11874382]
  [   0.          -58.59610478  -59.22682919   13.13121726   58.59555117
     16.43229939   57.3781702   -41.3514846  -143.78452616 -229.2544231
   -254.09128257  -88.41805256  -27.0936358   -96.04253848 -161.48043703
   -161.83338895 -212.67938776]
  [ 314.45229075  314.62019639  -57.92961287 -393.36683422  314.28437027
    -51.29710183 -402.17917833  561.72462684  757.48111316  732.6768228
    835.93686355  723.86484157  483.63471     229.34638847  715.80778575
    449.09132364  486.559805  ]]]