[[[ 321.058        70.8230323   490.55310037  437.44331513  571.29314921
    778.75859876  658.67652747  301.48564344  457.5441685   439.57696406
    508.02299911  708.66386376 1088.64963454 1441.52128761  158.29847435
   -312.25022892 -634.57194182]
  [   0.         -146.13182977 -757.10180363 -498.4196035   146.13029115
   -485.93104641 -317.6012453   -56.82085867 -166.68982964 -361.79530278
   -331.30519537  -70.40057203   44.32718489 -183.42627203 -218.75277949
   -314.25175377 -603.51625069]
  [-124.24602081 -143.86529036  661.0473869   387.6353534  -104.62685844
    712.39786355  424.12636827  201.04236885  394.90687084  228.11397062
    349.86087686  370.67298625  177.61395763  -13.12745602  472.72869246
    394.8185956   646.24474568]]]