[[[ 294.728       216.61108914  253.09010052  287.70624536  372.84449136
    358.71927255  377.43378238  281.24473481  261.92035542  181.37852354
    177.34700019  354.14383196  486.55156008  532.66626921  185.83868251
     97.31930482  -85.56469912]
  [   0.           -4.31769709   27.40036807   65.02638887    4.31772153
     18.55200568   57.34058046  -53.17941981 -166.00474633 -213.29588582
   -228.82804417 -160.96637812 -149.70958882 -175.51673993 -121.37129131
    -28.04066793  -52.65931091]
  [ 350.04148449  359.18223397   -2.61712614 -383.98022711  340.9008404
    -21.79881195 -417.20919007  586.34308966  768.90909909  748.57680243
    851.65667456  732.07886904  527.87451066  288.21889032  727.93406908
    540.81557323  465.80414186]]]