[[[ 462.28        346.69267464  319.68793956  196.74256108  577.86642791
    610.9785043   627.29873819  446.23966397  433.33811543  390.77036971
    392.1946679   562.99993297  759.12149925  924.104691    310.74277961
    156.12979214  122.05194945]
  [   0.          -27.52108416  -84.82842881   24.51580607   27.52081802
     -1.99931494   65.30262758 -100.76250441 -272.63090017 -378.28872044
   -416.20077375 -235.11229325 -163.22519443 -259.52106948 -244.75802699
   -239.36771557 -373.88177673]
  [ 383.38995785  377.07090991   50.91175427 -256.3279278   389.70896032
     51.53725908 -295.56115029  595.83978312  733.37859411  679.06234769
    774.24262318  743.32649764  598.16674599  416.07114782  683.16884626
    471.30253267  483.24981082]]]