[[[ 374.15        271.09569682  274.0049656   200.05285968  477.20360928
    494.54067438  454.54071088  284.8130806   230.30932041  234.01294672
    245.32075902  348.82527851  511.43148095  499.42995725  128.72994101
     82.88342223  105.99704115]
  [   0.          -46.97591404  -46.13580728   12.47586609   46.97528934
     60.53331797  108.82632182  -80.64315145 -240.32780851 -347.11287457
   -384.69131211 -204.92480805 -239.51566586 -339.89838296 -232.03261516
   -264.40088518 -370.89911494]
  [ 389.27095785  378.50058475   20.06219364 -319.20256941  400.0412359
     42.80518851 -338.02831694  601.84645459  736.84823296  688.97771781
    779.37487824  761.25595052  733.3230647   547.89416385  667.20203558
    422.2959466   367.88169199]]]