[[[ 306.526       209.57826069  262.32437207  122.91972638  403.47313968
    527.86069232  574.50920005  212.40391314  164.90170246  176.64630676
    154.4132129   292.6861555   597.8483127   812.65613977   66.22183868
     50.48458478  209.95813451]
  [   0.          -84.44498046  -50.24201632   32.4598197    84.44411775
    107.28296961  194.21653248  -77.98785477 -212.05239254 -311.83253671
   -332.22438075 -138.87936916 -148.34529608 -347.50897991 -248.85297963
   -370.40907051 -478.16234415]
  [ 406.37731309  384.505075      2.10810128 -343.46789064  428.24939704
     46.55452702 -329.49732243  629.49953282  788.2761511   763.82504928
    852.00120373  810.26407878  806.15535084  744.27268444  716.56677417
    507.92083867  503.01444043]]]