[[[ 547.75        442.37550521  380.43167482  249.63592281  653.12361606
    712.53773299  638.32568637  541.16190568  510.38570656  503.69791661
    513.9594302   636.21517395  814.37711943  726.84035874  396.9449431
    271.99768565  132.75314414]
  [   0.          -38.24876165  -67.37247591   16.29467776   38.24834284
     23.78154427  111.99669584  -94.31182087 -227.50708344 -328.53801439
   -339.76677076 -208.75543506 -407.7718853  -519.32690408 -212.61378057
   -210.33229519 -235.71428944]
  [ 108.47777574  104.98258549 -221.2816432  -523.90332143  111.9729499
   -199.95228744 -545.91702875  324.40975712  495.3721456   483.47899656
    572.02167445  525.82307166  768.30966251  835.98486355  428.76837021
    246.75107181   46.5194887 ]]]