[[[ 347.807       245.50762842  309.7670437   340.2172413   450.10572819
    462.68341222  458.0254334   342.52097076  381.7896307   367.66768401
    395.55072847  489.28602708  585.28247239  592.82361974  266.54940222
    148.57123865  140.15095801]
  [   0.          -41.41168071  -59.84347805   56.96350219   41.41108815
     12.7987713    59.16497523  -92.81843369 -252.02350256 -344.4429282
   -385.69083634 -213.0605004  -193.7903173  -280.2760665  -245.48892711
   -231.86351099 -277.12566123]
  [ 424.48095785  426.37490766   42.73612559 -297.13356515  422.5869809
     41.08325629 -323.73555435  654.89094876  798.3604654   741.35223141
    842.53303625  764.97832408  524.49102725  203.83592212  771.04683255
    535.89215357  243.55916002]]]