[[[  85.769       -44.79064163   -4.45728674  -37.66517145  216.32767188
    271.01791925  283.84969577   64.25920302   72.73046311   56.92718251
     63.32866035  214.46318348  448.35759578  448.06694853  -72.45664353
   -283.05000384 -296.42822905]
  [   0.          -62.06276221  -31.56323258   45.89113221   62.06208924
     40.74325779  131.62102383  -40.28612226 -168.18916877 -267.22176399
   -300.64190695 -115.84090961 -115.05272723 -238.98714549 -167.07478428
   -196.52609445 -309.02634558]
  [ 458.53747621  462.85333492   35.15878668 -379.4700668   454.22168528
     31.08430795 -381.02868226  722.37441664  916.06137113  881.68108883
    977.09115846  906.01649407  819.20793182  689.37737788  872.06165764
    723.9897979   700.95668991]]]