[[[ 312.355       190.74317644  295.19841407  488.68103094  433.96610289
    391.48647245  436.39492218  290.01733854  275.66621686  218.5535628
    245.42422517  418.40739017  587.60463665  559.57557459  139.80830017
    -77.63518919 -342.95307158]
  [   0.          -17.14365449   27.62364457  101.03785301   17.14338026
    -41.38779604   -5.68708425  -60.15709241 -200.63232033 -296.38212696
   -329.41183531 -193.29334327 -177.57364286 -244.99301531 -149.67475476
    -72.42993668 -102.03132875]
  [ 487.79457218  490.53111832  113.80088718 -241.49904515  485.05809691
     81.81809275 -321.02090571  732.29714574  882.08143626  817.53047808
    915.15020311  871.39962793  681.56460161  401.49628733  843.2842996
    645.47069302  452.97920608]]]