[[[ 421.3         319.78298125  275.04723636  220.25239668  522.81635343
    607.02119032  690.00650901  400.99716958  422.3251297   410.34138919
    439.56191453  523.65850041  606.774548    681.20455963  309.59014433
    157.39895009  144.09578993]
  [   0.          -36.75013219 -124.38091375  -83.08251803   36.74978251
    -31.34784315    3.34676294  -83.89670518 -211.88043932 -303.99039852
   -326.55634844 -176.98522471 -175.75725474 -299.76125618 -208.55622705
   -251.34072794 -348.87147008]
  [ 356.95695785  356.16992806   22.43586048 -290.11200922  357.74399095
     47.96492219 -272.60260955  572.78771541  745.75649073  684.68204166
    787.87299196  720.21659403  489.01585312  527.98282399  725.57721573
    519.67374809  586.73764164]]]