[[[ 574.32        570.00650713  408.61505283  420.11411818  578.63369734
    611.09247545  867.00729639  671.65637295  763.18968259  685.29371498
    736.20387334  747.12717829  545.31450778  366.4194647   738.42073896
    567.99123255  414.2594917 ]
  [   0.           34.05171857   39.12472689   73.44115809  -34.05143472
    -89.59811349 -154.59987759  -58.48945833 -119.88380434 -117.21825726
   -137.83132657 -160.80188655 -244.68420141 -173.43406755  -69.28182624
     19.63011931    5.92287312]
  [ 283.7610775   307.40344093   67.29790104 -292.72280912  260.11889437
    -50.71377649 -378.2180673   492.20533361  692.89818354  671.00135329
    771.39086355  635.30872941  454.38024259  405.28229207  686.51121568
    558.061791    506.93247253]]]