[[[-152.671      -248.14756279 -252.96113711 -247.58615704  -57.19481066
    -78.46833033  -19.39592148 -144.84600546 -133.49101955 -151.97190093
   -160.42781943  -26.68516188  163.43871686  163.92036459 -239.30021177
   -342.86691641 -400.50362078]
  [   0.          -36.8811659     2.72120903   63.87476925   36.88085433
     12.85372373   81.00773102  -51.45450149 -135.33101977 -184.86742827
   -194.32259084  -98.85958791 -123.76807662 -266.64443253 -133.30943692
    -74.45975606  -81.48115715]
  [ 326.02638909  340.42527573  -63.75608833 -456.13204071  311.62762778
    -91.79481342 -469.61752347  570.82480402  774.49426842  755.37498084
    853.68091256  762.33596209  636.3424096   654.88721773  712.73263647
    467.84798854  296.44033277]]]