[[[ 341.805       223.54549487  253.56613738  283.71888004  460.06383
    450.76710066  425.23614076  305.30336872  327.15001586  321.2371762
    350.01844953  456.19496836  708.80378447  833.17851893  192.69800262
    -26.31540227  -92.7205087 ]
  [   0.          -59.10639248  -13.364904     25.52858798   59.10570204
     80.48703248  164.0786933   -45.96835773 -133.37130752 -229.12163042
   -238.08440804  -79.91282307 -110.97987154 -294.20703513 -141.24145809
   -242.40168673 -356.75130718]
  [ 313.35594384  312.90781893  -91.10584841 -492.24900958  313.80406391
    -83.27451251 -477.60653259  565.73121992  771.91776055  747.72523536
    842.62065346  749.98270953  699.011981    820.98444561  763.829458
    769.39463174  925.50095343]]]