[[[ 247.485       112.91837563  188.28685667  295.40176596  382.05077693
    465.30441822  611.57605572  228.40763126  247.68192078  232.14615611
    241.45931905  397.89290232  681.36144409  760.71879445   97.03441265
   -117.33576646 -119.17213747]
  [   0.          -60.63801576  -17.69835973   47.07064037   60.63745899
     57.11501171  183.81250048  -43.08899182 -153.10242729 -260.270694
   -277.45571486 -100.82339271 -113.21004636 -277.4680651  -157.62560284
   -227.64641489 -341.59294173]
  [ 467.39098161  465.47845504   47.02349667 -362.0359244   469.30352273
     50.7430859  -311.62857604  719.72484841  921.56588681  900.89471193
    990.48490601  911.47820704  820.75692908  768.68862307  888.27479768
    784.49549453  830.55307559]]]