[[[ 368.227       491.02290875  581.3556834   395.72341123  245.43213583
    364.96477168  396.43075535  334.57110337  340.75804991  391.25193099
    381.23644918  215.43906207   17.28339348   96.71090267  461.19405795
    800.36245504  937.17997072]
  [   0.         -113.40824116   17.13335198 -107.87967945  113.40728027
    248.74975151  113.09470133  -58.74141937  -82.79828512  -13.83509323
    -73.77940455   -8.77390445   45.63695078   50.22372872 -196.02298979
   -315.72848399 -209.33501282]
  [ 186.0737811   168.19483923 -237.74386704 -659.18732951  203.95261725
   -218.40906049 -652.73430919  449.06030453  681.70103164  718.47608101
    802.23812615  672.85464347  548.71713857  345.12204525  624.89489421
    684.60685804  956.3571106 ]]]