[[[ 486.12        381.84599038  462.5817008   522.8898654   590.39314377
    612.54714753  646.42069508  468.70076723  442.94358089  422.485652
    423.57182476  576.96023203  842.50077347  995.19154647  331.37745116
    229.71934431  105.66036545]
  [   0.          -27.63007304  -47.24154865   35.85085954   27.62972852
     -3.31855727   35.17119763 -134.59930839 -330.11145125 -431.33375655
   -466.47430363 -296.07339223 -309.32614773 -422.43869934 -304.49756488
   -293.76103714 -338.15518368]
  [ 377.28695785  364.08553928   28.02574814 -268.10144313  390.48829616
     55.60844601 -297.11939969  575.62007974  679.0627578   617.67285303
    711.6293859   709.19076715  678.75557803  512.2135179   613.4988301
    383.14040998  147.08690071]]]