[[[ 385.94        279.83041191  318.07216137  323.61359929  492.04892954
    519.20158027  510.0894325   404.20928967  467.19752443  460.24431217
    479.56705691  586.4824103   763.54431492  640.15504952  336.4630525
    161.56487499  269.89104766]
  [   0.          -56.78574226  -44.71461631   49.18043052   56.78501339
     59.70226959  126.564082    -67.04646237 -185.03607789 -278.52704215
   -297.04930476 -141.73434464 -245.24642367 -392.39108685 -201.31783847
   -288.24441444 -337.70708468]
  [ 390.02817619  392.5327374   -19.65470233 -374.36382709  387.52361253
    -10.85126864 -382.04629067  634.36259035  819.51994187  782.76924758
    886.09846686  781.58818088  587.78175735  676.99423474  806.99563033
    654.42901054  638.87912969]]]