[[[ 465.32        351.37681273  374.4277133   429.1312434   579.262418
    581.52313291  557.75719025  446.37767368  448.10665475  423.66498282
    446.27923964  579.58307846  818.74323297  888.20856371  320.12918901
     83.12514818    3.82396231]
  [   0.          -25.4437261   -44.02613067   36.58863683   25.44335102
    -19.14959312   53.46796349  -73.80810336 -195.19087462 -298.98341488
   -304.86889417 -167.74532059 -247.30704917 -403.60811072 -172.99513635
   -216.83079105 -337.31980108]
  [ 401.68022838  403.15219613   59.97290766 -302.78259878  400.20826756
     40.31698781 -340.51538634  626.08528475  814.8252753   783.1124611
    880.18386355  801.40509497  742.86672858  868.94225211  796.34856712
    700.27531281  817.83889964]]]