[[[ 2.94594000e+02  1.91651876e+02  1.69464232e+02 -2.60020512e+01
    3.97535417e+02  5.24848230e+02  6.43487563e+02  2.39893410e+02
    2.39283991e+02  2.93234718e+02  2.94063487e+02  3.56466591e+02
    6.64997767e+02  9.20960643e+02  1.32820154e+02  9.39685750e+01
    2.34894562e+02]
  [ 0.00000000e+00 -8.86203766e+01 -5.09778953e+01  3.31541853e+01
    8.86195502e+01  1.09664596e+02  1.69723462e+02 -8.13095862e+01
   -2.19490922e+02 -3.05036782e+02 -3.55226896e+02 -1.28404826e+02
   -7.11059676e+01 -2.57611686e+02 -2.62734461e+02 -3.21119251e+02
   -3.58096943e+02]
  [ 4.37934641e+02  4.27614014e+02 -3.06515166e-01 -3.50884388e+02
    4.48255220e+02  1.91839935e+01 -3.52604347e+02  6.84048250e+02
    8.38781769e+02  7.96748246e+02  8.86793988e+02  8.63246758e+02
    8.74032777e+02  8.21832387e+02  7.68681860e+02  5.32039456e+02
    3.22596541e+02]]]