[[[ 344.569       275.27657442  159.24170229  199.9919459   413.86120166
    403.49003644  667.35639983  338.40409481  283.26885695  206.2559552
    216.70580502  369.92179156  485.33751576  466.1131024   225.38143135
    235.06281379  112.65888936]
  [   0.           38.89982751   -9.14132545  137.84726507  -38.89937744
    -50.00583233   76.50930973  -76.09271427 -166.39126431 -227.41986053
   -230.36317054 -213.2376746  -239.48108315 -268.22791417 -101.72719497
    -43.82378802  -97.79646773]
  [ 103.89226892  111.93002275 -119.93973784  -24.86196611   95.85453173
   -144.47755782    2.58227666  281.17624912  448.2891043   452.47777722
    550.48786355  431.08819391  229.21232874  -24.20005162  403.40297181
    165.89414873  -12.36023408]]]