[[[ 226.999        71.38207823  111.45833505   88.14527144  382.61483533
    520.75153045  625.32736619  201.02091883  198.20563196  138.94065443
    129.81105518  368.98600448  699.63069516  987.36719459   32.449201
   -306.73190605 -552.26131876]
  [   0.          -55.42412419  -44.35752327   80.32257409   55.42364073
     -3.53748397  148.45704416  -65.16314566 -184.11886082 -297.81804653
   -309.12710796 -130.71533426  -93.85685396 -260.68724616 -161.56184059
   -167.58330266 -353.86858464]
  [ 313.45921694  309.19285022  -67.21292828 -423.22688569  317.72562142
    -60.36809169 -402.43670231  561.75899153  750.90540683  706.35156741
    796.86355226  760.83427068  775.99061062  799.21274414  730.29865212
    780.03103787  862.61786355]]]