[[[ 277.022       197.68267688  255.19244512  502.69518425  356.36108143
    139.75528798  133.520456    251.69396294  252.54739688  229.21629799
    254.37324281  362.62393917  665.83407513  830.87964279  155.28528264
    -19.59726635 -131.70993411]
  [   0.          -13.25173572   64.19258181   74.69235012   13.25136519
     44.35761524  100.8740036   -77.45994954 -192.65993156 -254.99193241
   -273.46225099 -163.77970886 -171.55300766 -296.08303118 -160.7563545
   -150.61963847 -275.3965449 ]
  [ 405.57351883  401.38618695   12.76653128 -337.48230096  409.76081818
     50.94233242 -359.0290539   630.55098374  786.84415561  756.76499887
    849.11657273  801.09147543  795.86000453  807.88364258  735.34944712
    592.413473    705.54405642]]]