[[[ 300.487       192.97612486  246.56538572  268.79195165  407.99718879
    447.30118116  461.58934373  265.92117392  260.32441264  232.72312839
    237.43400925  379.89355401  500.20991689  547.40363312  146.44549993
     37.60705482   24.85531063]
  [   0.          -47.72422025  -55.84130291   46.94548132   47.72365169
     23.48836651   76.7726675   -78.7427445  -239.73069322 -339.21059644
   -381.53797792 -199.48388676 -158.82306141 -235.0325578  -230.56522841
   -205.49825035 -255.66251341]
  [ 427.39395785  422.8887732    52.29242036 -298.00053423  431.89909622
     68.39203347 -304.78713358  664.49621805  806.26661154  742.42676766
    839.81646451  799.56575553  594.33520958  297.33600929  753.61049252
    497.81599385  193.33136573]]]