[[[ 371.32        255.91074428  256.73448191  261.45113953  486.7280821
    714.24144458  876.81032693  190.98299856    7.62055789  -12.17659041
    -38.88845868  165.83542065  512.10710597  790.89411408  -91.32283599
   -282.78549018 -451.5198613 ]
  [   0.          -46.09081672  -79.02612739  -14.56638179   46.09039149
     -3.2826347    92.54592133  -85.64366031 -226.5169531  -336.45477792
   -360.92844732 -195.60650451 -189.89626555 -374.98144966 -198.79054128
   -216.53841132 -379.74740444]
  [ 252.44188531  218.73563144 -106.19209112 -430.62087499  286.14793665
    -42.88139073 -392.66683033  431.08559401  539.34048181  485.67778208
    561.88297119  629.23348972  788.6288286   818.46086355  445.47173948
    283.61459241  256.7908679 ]]]