[[[ -46.728      -232.70105081  656.61854589  526.71446603  139.24517692
    639.52790613  506.70742042 -219.09720529 -206.97006325 -135.3572021
   -216.79101901   -4.96334273  419.93364171  768.62058113 -383.93552582
   -262.58377212  102.75867512]
  [   0.         -281.18260204 -722.53810461 -498.63793092  281.18054253
   -190.21736257 -117.18994861   -6.14562331  -87.35013207 -255.12239918
   -238.27707632  140.65251766  278.82229289    9.55535034 -322.77573921
   -579.63132646 -624.33914844]
  [ 187.98126379  127.5330254   725.97765248  484.59559421  248.4292155
    792.08086355  505.85636654  480.12988977  671.53378259  536.55535793
    651.79365555  753.53725445  756.00051532  706.27218128  595.66910566
    282.08879169  271.81199388]]]