[[[ 409.47        500.48606732  581.70525719  465.94342544  318.4546572
    372.72082177  353.51002027  350.19882971  364.73217795  439.84184448
    460.24306355  292.35961531  305.91808391  291.59474016  419.82441352
    388.03180471  374.92135909]
  [   0.         -107.62847903    3.34574848 -106.01398041  107.62750833
    196.45973419   55.45333121  -46.9035617   -77.70168003  -17.51118628
    -76.8898316     8.76847062   88.96196022   46.65385719 -162.45969953
   -188.37358972  -28.62113021]
  [ 273.54884765  258.36916287 -163.6999227  -614.55114419  288.72842672
   -155.42912589 -610.58079227  526.3553195   752.19066903  785.86878577
    869.90544134  764.2175294   727.03873269 1022.54599184  660.83505463
    373.81759943  171.30854441]]]