[[[ 279.941       133.80358419   93.93656893   43.80654797  426.07747589
    453.53252682  578.72239696  279.2098777   288.07551451  202.78951233
    202.47966361  447.32428098  772.26641223 1070.77229712  134.53538003
   -194.17502112 -441.1794813 ]
  [   0.          -23.9806949   -22.54022375   87.56500649   23.98046648
    -11.13512498  137.75815399  -72.1185048  -200.36325707 -298.24448267
   -310.94030548 -168.46530286 -127.57662419 -274.03462706 -150.3968421
   -104.2099467  -264.23171837]
  [ 262.85485122  270.18520219  -87.56571491 -423.57497007  255.52461905
   -126.54154383 -400.61989762  512.36196529  697.08510875  656.22950647
    751.28022655  693.04730448  657.90023663  633.49364419  686.99449699
    722.02277984  815.43086355]]]