[[[ 488.92        598.36430869  643.39792959  556.39678415  379.47665305
    501.19341365  424.74531863  444.64144979  459.33212865  485.38634559
    484.67556261  351.13256586  163.70117353  156.24326598  562.43790042
    875.77842125 1008.47102057]
  [   0.         -117.83278185  -20.98305067 -141.88268548  117.83187315
    329.26280876  285.95203897  -69.32846476 -133.19062748  -83.91514504
   -141.63558715  -59.99785722    2.32616088   -7.65801925 -228.75519615
   -310.91920014 -193.95942781]
  [ 249.2922566   229.65381917 -216.41964348 -628.33747247  268.93057341
   -113.85858406 -499.58824096  506.3815497   728.57000407  774.30578052
    857.51568607  759.28379819  908.93323086 1012.09672908  636.5469234
    548.19335688  693.45897935]]]