[[[ 250.601       127.99669325   85.30904691  165.1653899   373.20438242
    499.17059021  658.15501576  234.75590642  238.26270867  226.39346012
    233.74549087  375.45611753  665.28402266  846.72027479  109.13087043
    -33.53724394  -94.46535649]
  [   0.          -29.69835229  -61.14495349   12.21909969   29.69801742
    -65.1477616    -6.17229184  -91.33757235 -241.16307793 -347.31729933
   -365.37993667 -199.36474492 -199.75916284 -337.0662396  -227.67888273
   -300.45660793 -433.03029648]
  [ 369.98847325  370.41268731   45.73299893 -313.31030907  369.56426776
     26.92146424 -332.66624251  597.50518354  771.34753715  748.53453697
    835.95386355  776.391663    749.60077385  666.06935444  727.72285321
    587.71413649  713.06454793]]]