[[[ 3.71330000e+02  2.70155433e+02  2.72688049e+02  3.32268080e+02
    4.72503950e+02  5.32699423e+02  6.65851353e+02  3.42830552e+02
    3.65150444e+02  3.63644033e+02  3.80981518e+02  4.81071545e+02
    6.82702944e+02  8.04333514e+02  2.50393424e+02  1.67540847e+02
    2.52219918e+02]
  [ 0.00000000e+00 -5.05975375e+01 -4.16734386e+01  4.74514814e+00
    5.05969825e+01  2.58639971e+01  6.79294947e+01 -6.42426478e+01
   -1.86983407e+02 -2.83944956e+02 -2.96233751e+02 -1.38371790e+02
   -1.61807569e+02 -3.23920769e+02 -2.05093723e+02 -3.36333826e+02
   -4.01509123e+02]
  [ 3.61133387e+02  3.57792241e+02  5.19259740e+00 -3.60619477e+02
    3.64474489e+02  5.77773521e-01 -3.40751792e+02  5.94339646e+02
    7.78391944e+02  7.43324006e+02  8.39147864e+02  7.59660695e+02
    5.79369149e+02  5.56514364e+02  7.43724263e+02  5.76451770e+02
    6.71278969e+02]]]