[[[ 3.41747000e+02  2.19928161e+02  1.57927077e+02  2.97224553e+02
    4.63564959e+02  4.46963304e+02  5.11996021e+02  3.91486425e+02
    4.80349163e+02  4.28452656e+02  4.76689457e+02  6.03922221e+02
    8.44296648e+02  1.03157452e+03  3.45858363e+02  7.22314130e+01
   -1.42879092e+02]
  [ 0.00000000e+00  9.76470338e-01  3.44650902e+01  1.33261673e+02
   -9.76555149e-01  9.14865766e+00  1.46648206e+02 -7.65931631e+01
   -2.08578544e+02 -3.02281474e+02 -3.25815726e+02 -1.87410817e+02
   -1.60623147e+02 -2.99328413e+02 -1.54621337e+02 -1.03166671e+02
   -2.18859558e+02]
  [ 2.07842636e+02  2.28675863e+02 -1.64296907e+02 -5.80502631e+02
    1.87009593e+02 -2.27637979e+02 -5.99572307e+02  4.49933475e+02
    6.26415253e+02  5.90386128e+02  6.84026174e+02  5.66476981e+02
    4.08898205e+02  3.23634421e+02  6.59999838e+02  7.83746303e+02
    9.38997942e+02]]]