[[[ 294.672       157.89087615  139.71109872   56.4010425   431.45243534
    477.58705168  589.03993548  301.19860286  317.51011168  245.58883485
    249.82616507  456.61399387  584.70739452  732.9794386   177.31223478
      9.57949004 -150.18648892]
  [   0.          -28.16258698  -77.69687307   37.22436273   28.16241214
    -34.77818545   61.92989115  -65.7564986  -198.35189504 -297.96725796
   -319.76721597 -174.0951828  -109.25997859 -218.97982165 -166.53227212
   -110.38268552 -239.98276017]
  [ 358.67277474  364.98889272   18.23548115 -273.48682529  352.35673309
      3.00297428 -277.86030019  600.38636123  775.98071252  712.20534866
    815.35286355  759.56120534  543.67289144  426.31573144  751.92732805
    519.91899338  561.3451914 ]]]