[[[ 374.13        270.10214121  262.1079788   218.53938973  478.15706035
    576.64395089  669.3352399   350.89243156  398.8330927   378.07177871
    410.83793514  503.63960715  649.50627063  712.97349709  274.91562206
    -10.63801543  -78.63614954]
  [   0.          -51.32109075   -1.89669398   81.74683738   51.32048846
     75.80411159  163.27535755  -38.33995092 -117.56394684 -200.16442622
   -213.67111395  -69.45526317  -62.27386836 -207.14547979 -125.7132097
   -161.7455875  -219.56634288]
  [ 369.50032342  375.67094298  -16.34833056 -412.13968275  363.32974221
    -41.00163869 -392.70463805  615.53177265  835.3913709   813.59919833
    916.06900617  773.28730278  555.35995942  517.41197043  840.06768394
    865.63564713  730.48471488]]]