[[[ 250.55        156.16381845  120.98914169  104.83983868  344.93553716
    523.61421033  626.44705445  169.9647225   130.95095436  144.5123333
    144.80259553  236.85586261  428.590759    473.62321243   37.5268107
     16.48640927   60.03613813]
  [   0.          -63.76495649  -64.24595782    5.44788032   63.76439462
      3.13625486   59.76912194  -50.64857884 -147.99413517 -239.18723875
   -242.81797472  -95.41937889 -156.80296329 -326.57835439 -178.66322905
   -345.42543539 -432.24973595]
  [ 305.44104851  292.19428035  -45.32040855 -364.5556634   318.68772415
     -4.34559317 -364.36318738  532.24685235  732.26181594  729.12898235
    812.46486355  738.02088059  754.51778419  788.36798898  670.21039722
    559.96805422  704.29832337]]]