[[[ 250.615       111.60632272  159.21522714  164.16089552  389.62287046
    401.84213376  339.21030487  228.22914249  237.12783809  214.01112386
    227.20418659  388.60397583  678.88921838  803.70841376   83.69835983
   -185.56650437 -315.48683861]
  [   0.          -52.07727937  -15.75980576   71.95556952   52.0768282
     56.67811011  207.19529485  -51.47697655 -143.7543244  -249.72203281
   -248.35551761 -100.2344178  -160.7330206  -348.47425893 -131.37057935
   -216.82610147 -383.12042255]
  [ 142.02222861  143.64456799 -273.9533116  -651.62462602  140.39994736
   -261.93340396 -636.09260784  391.65499629  601.79577169  584.05511802
    674.41332547  601.97325461  730.48707064  922.25385463  588.94499078
    693.04841198  910.4297653 ]]]