[[[ 321.181       154.71679783  170.19951184   95.24711949  487.64404058
    530.10221561  489.74544353  316.06641023  325.15208551  291.68955867
    301.42972145  506.24954336  864.34680571 1152.24049651  143.09765082
   -190.86061474 -441.86444619]
  [   0.          -51.42730243  -64.74357566   40.43492388   51.42682046
     52.08077406  235.1491939   -81.45632216 -233.50952996 -364.87931971
   -381.07604422 -172.54938279  -97.69922457 -243.81184265 -203.1433313
   -194.2505473  -383.73852475]
  [ 416.61557082  411.80135939   25.08338132 -352.42170449  421.42979434
     38.10528719 -313.2674575   657.56706624  827.06937422  798.44404225
    888.88527531  842.4006879   886.19645836  884.99877098  798.49451492
    805.00020003  885.15965479]]]