[[[ 430.02        310.41403705  350.94822033  403.7896795   549.62526693
    592.69715628  562.63179316  447.52850615  505.60475565  491.91522363
    519.16879279  636.00401075  924.54657375 1020.01920037  367.34023194
    140.48961937   17.49043757]
  [   0.          -42.2675073   -51.52274473   35.09621631   42.2670696
     38.94201711  160.42230851  -88.00831388 -193.31056118 -289.07506543
   -286.08895797 -145.67604651 -234.22170167 -415.26696675 -186.30752326
   -268.23963841 -393.96844014]
  [  96.49638515   97.29051512 -289.93544977 -659.69501979   95.70227043
   -288.58100632 -647.72436961  324.58558319  516.01626639  514.12998942
    602.80855009  494.17305245  601.15775543  849.4629773   520.3552648
    622.35908113  867.06540494]]]