[[[ 447.69        328.55236906  356.23834062  377.04396221  566.82676601
    597.49113903  603.22714606  403.43226807  404.78697472  333.64053453
    348.47997883  536.77991026  694.62769799  818.64523415  271.26013079
     20.99222365  -30.0592772 ]
  [   0.          -42.93734359  -43.12191066    9.37108957   42.9368286
     40.22216309  133.56821297  -41.68701197 -141.97467324 -245.40009294
   -256.61999737 -110.90173378  -59.63460347 -152.2853368  -124.85736428
   -228.84797301 -370.77794051]
  [  48.3994301    43.09210999 -309.53609871 -691.06876653   53.70668889
   -300.20713461 -648.27021894  293.62833258  484.66135941  440.52644383
    528.35369523  465.34328346  266.55065406   -1.85072968  473.38086604
    624.19347157  841.97486355]]]