[[[ 300.569       194.57341292  257.43028035  314.67544343  406.56392259
    410.34874847  403.48061808  290.41369548  343.01464256  277.59485725
    300.37544717  451.00680792  585.32277366  697.72912254  225.42693249
     38.94518223  -66.40758073]
  [   0.          -48.7374661     3.52729442   76.76448337   48.73686145
     60.60749304  148.91574451  -35.02949253 -120.46171676 -192.29564803
   -204.3814029   -75.98882386  -27.85205284 -113.05242071 -120.77003156
   -194.45144894 -301.8554839 ]
  [-135.92820349 -126.3515017  -527.06769341 -942.16688807 -145.50483421
   -559.40195931 -936.7040686   129.72480002  341.33280851  322.55661746
    415.49024224  275.24221871   40.84693916 -216.58133774  366.59069901
    664.02746944  905.44268459]]]