[[[ 344.836       230.07370029  257.21350964  262.80294686  459.59765775
    485.59857269  472.30794322  274.04810497  247.07218497  232.25450133
    248.40131851  377.0606908   546.9621326   644.09459186  126.41572267
     26.58225178  -30.38897696]
  [   0.          -53.72725107  -60.33717548  -18.4997283    53.72664784
     39.2671726    94.78798808  -57.22542948 -190.47868461 -296.8399874
   -328.47936787 -148.26756435 -114.14643233 -233.12562807 -186.56180328
   -221.12288293 -339.06726242]
  [ 395.13283953  385.73160247   12.51633091 -321.18658985  404.53400767
     52.91646947 -308.36821845  633.58698032  795.54677196  736.12357415
    833.12486355  809.58286759  692.81894376  567.97129046  742.79092256
    514.45329552  610.17046401]]]