[[[ 380.03        354.92505607  419.67374923  326.66202391  405.13511588
    393.32890583  328.74797881  320.26476276  333.28185649  379.65601694
    413.70328086  369.93424767  474.04283726  599.56629048  288.55538677
    302.59708741  143.44799527]
  [   0.          -88.82453311  -32.37022651  -78.47025528   88.82358463
    176.15437498  171.04246577  -35.70527637  -83.48114444 -108.30339893
   -129.94953044   -7.76109906   20.55903566 -106.1070119  -142.5653146
   -212.31264887 -217.32762764]
  [ 418.07187321  406.87528553   -6.26400249 -425.33840262  429.26838353
     24.07850982 -394.58492548  663.48699787  876.15636183  856.73535399
    954.38427583  858.11140701  806.49149891  857.49567665  834.86275103
    792.86673497  913.98460659]]]