[[[ 344.815       224.75971181  176.08691125   37.1741383   464.86922003
    608.91698316  728.46177177  233.84775788  111.62863471   78.87171314
     61.1756159   260.71788956  521.78143092  717.32689868    2.67613094
   -163.8250407  -320.78826662]
  [   0.          -32.22402721  -80.94324358  -15.00581074   32.22366911
      4.92351428  130.49026527 -106.37167145 -270.97152553 -381.16636944
   -403.07057274 -247.25757485 -245.69119977 -370.56772235 -229.95852222
   -229.16308783 -398.66184283]
  [ 328.25594438  300.81500307  -51.02582857 -364.11877763  355.69671994
     31.19033396 -335.88561955  516.67580342  636.21710843  595.5960079
    677.0324166   703.01432902  792.76047206  830.15386355  550.40253372
    383.49034707  381.22182013]]]