[[[ 273.947       145.25098501  166.71638299  190.3067091   402.64222746
    408.97532312  355.48579887  281.17639887  316.18163917  288.99626744
    307.54149484  451.7902254   693.19090666  764.67220769  172.13224406
   -114.34316459 -246.99436898]
  [   0.          -37.96033028  -19.46312768   63.90026735   37.95993041
     17.87091672  133.16265489  -74.71873844 -197.64541369 -298.52771352
   -308.86734371 -157.25616536 -211.11444635 -342.26911804 -175.37694632
   -203.09534669 -342.96836135]
  [ 318.15613318  325.91702885  -63.65919925 -458.63044004  310.39532841
    -82.66698998 -475.59844011  557.90468755  751.72477149  730.65565754
    825.39882029  731.54478637  767.57711803  843.4916917   746.33101002
    790.94946732  919.45857328]]]