[[[ 2.62282000e+02  1.32593304e+02  6.99037296e+01  1.67100714e+02
    3.91969758e+02  2.94156267e+02  4.75224790e+02  2.58707205e+02
    2.45793005e+02  1.88517878e+02  2.24285569e+02  3.89142794e+02
    5.89814810e+02  5.14991343e+02  1.08943021e+02 -1.37891140e+02
   -3.11662575e+02]
  [ 0.00000000e+00  1.47156237e+01  4.85725553e+01  1.07928654e+02
   -1.47156534e+01 -6.26991406e+01  8.54937383e-01 -4.71226020e+01
   -1.84999571e+02 -2.76376745e+02 -3.13207228e+02 -1.99724724e+02
   -1.86759488e+02 -2.42182360e+02 -1.11801414e+02 -4.43022784e+01
   -1.29738535e+02]
  [ 4.67228215e+02  4.78178385e+02  7.10018624e+01 -3.11589580e+02
    4.56278151e+02  5.60171476e+01 -3.36867248e+02  7.17496532e+02
    8.74967588e+02  8.27443395e+02  9.18082463e+02  8.58226691e+02
    6.66064502e+02  3.89570789e+02  8.40023531e+02  6.69917560e+02
    5.84121837e+02]]]