[[[ 300.662       175.46935444  229.27163795  200.09648301  425.85366686
    442.25366427  399.51064115  250.51190217  238.88948069  234.50142182
    238.10913178  383.07083764  705.34854273  911.95641312   99.80210038
   -137.69609722  -93.98353918]
  [   0.          -57.98439531  -38.04014264   43.58470572   57.98375886
     74.51084378  189.39218779  -87.86732202 -229.53375395 -347.48013254
   -366.30247195 -169.66756588 -164.61695558 -332.39394216 -226.68633314
   -327.55255528 -482.4677635 ]
  [ 460.24638645  448.35511236   61.14652279 -329.44045295  472.13756471
     78.94703658 -307.91244382  682.94347533  847.28909275  816.76401187
    906.6538394   858.81571187  835.9006882   813.40445464  807.85546409
    747.57746361  747.54101802]]]