[[[ 391.86        284.31039857  279.93981438  203.82862235  499.40889506
    678.72029197  728.16406018  422.11144108  480.54989589  466.54490652
    480.95969703  599.57477551  862.1735358   769.39142495  357.72757368
    189.38537044   97.14956026]
  [   0.          -52.13307819 -125.59825603  -38.67581772   52.1325835
      3.48482016  112.89863844 -119.33628125 -256.64418769 -344.67347772
   -353.03014503 -210.79456842 -318.62062488 -450.39689055 -254.58242216
   -328.89995311 -423.41866582]
  [ 294.61639875  290.51801525  -58.7577231  -405.17829638  298.71479824
     -6.01775567 -383.66547523  509.08750004  678.97024724  674.68942672
    764.36984664  663.46759108  754.10111605  775.05015003  660.55080234
    722.09022736  815.62586355]]]