[[[ 486.12        383.06421852  435.97585251  495.86882328  589.17487639
    602.95013632  622.66196494  454.54311774  413.17467173  388.29200222
    392.56740315  548.19534137  821.17825841  996.90417789  302.4314697
    171.253594      9.68613559]
  [   0.          -21.95346464  -21.05602002   56.34822788   21.95313995
     15.66281175   56.53430096 -130.29566565 -320.4888068  -420.72259026
   -461.00342572 -291.94133454 -282.23269245 -379.18780151 -284.07559348
   -255.00679206 -291.33662695]
  [ 377.37295785  365.50872618   12.92628964 -290.00233972  389.23712454
     38.98364889 -316.5289494   575.349822    676.81527328  612.8652093
    706.60581276  711.67035477  688.50532432  527.5582738   611.45063962
    397.24756571  207.31630806]]]