[[[ 391.79        283.03328412  271.84116342  238.2956541   500.54608182
    490.50396798  471.79369069  360.11844627  366.56283506  370.92085659
    400.79849472  483.99742966  643.41858281  656.04261445  253.06807227
    170.41036215  197.00030482]
  [   0.          -37.91635291  -52.81970237   94.3588355    37.91576758
     14.60346091   81.2719554   -94.02280011 -259.08965392 -359.84509252
   -404.54760477 -218.88048666 -196.86053364 -284.36590341 -254.2034388
   -268.58006446 -329.1063768 ]
  [ 427.41495785  425.19865551   59.79073761 -248.5454342   429.63119634
     72.31336336 -291.24455192  657.91463211  798.16864924  737.88183244
    839.87064396  786.5964356   594.47732706  296.18626026  754.04556961
    488.74392065  189.75025592]]]