[[[ 388.79        256.87753857  205.02992115  108.53389657  520.70151035
    621.57598321  696.71210789  385.1736293   410.55040409  385.69404345
    398.55315692  548.56671016  799.11182737  862.34216466  269.63216485
     60.91542956  -37.489934  ]
  [   0.          -50.55327936  -50.29753675   24.55027572   50.5529061
     43.95827588  189.1363887   -62.01161966 -154.2079402  -251.76486722
   -247.82512643 -111.10416304 -202.11731057 -400.44682622 -148.73846091
   -258.56537098 -404.01329299]
  [  -5.57456497   -2.50730141 -396.96044435 -804.08850043   -8.64175988
   -398.58343612 -774.6944982   236.37897233  445.5386995   449.88988767
    527.89493426  446.5414018   644.97361303  860.88914127  426.06102422
    625.66143936  912.43093546]]]