[[[ 294.641       183.18069039  227.23841529  240.36340916  406.10052812
    404.52983822  402.26324677  283.51500696  288.16339742  253.52423077
    254.42232622  414.15043956  584.96391141  696.63312101  169.62341706
     70.17451179   48.20773968]
  [   0.          -42.08588796  -28.28568549   65.02544449   42.0854038
     52.2908257   125.0385275   -91.13585776 -264.42533964 -361.84087881
   -409.37067845 -221.54063623 -157.23328169 -228.47794344 -248.47309631
   -210.26132621 -253.76958493]
  [ 423.90353286  422.05038216   23.6448178  -328.68062149  425.7566664
     32.18654173 -335.83190571  661.956363    791.11430847  722.18635758
    817.81465102  792.8624389   619.12604921  331.34684793  738.82777092
    500.32725059  251.43417772]]]