[[[ 383.03        265.13158383  301.59826229  333.85050281  500.92758471
    538.53267587  510.53763118  442.1035191   548.8652261   478.55137293
    498.79260655  665.56612886  798.10169001  910.10258206  406.35611408
    158.45690022  183.99422843]
  [   0.          -30.34114221  -68.4909866    32.18326573   30.34076043
     31.29062663  161.91143939  -80.11976738 -216.92544846 -316.89494959
   -334.85775547 -174.01705783 -118.15126812 -200.4941121  -200.6422432
   -251.41488585 -365.13342648]
  [ 231.51626835  239.11021696 -143.98691242 -517.08534416  223.92236092
   -154.74780185 -499.53253656  471.33369428  638.71580807  610.8558348
    706.8969169   576.57966548  325.88823611   52.00303576  658.0017376
    696.0479606   850.75786355]]]