[[[ 391.89        299.77019055  299.29740408  239.91365835  484.00938258
    530.05621766  584.96935933  362.59923411  377.01971766  369.32008739
    385.48273471  472.72766224  533.03822904  525.95131342  275.86128623
    184.09669422  221.80603577]
  [   0.          -43.38103898  -61.146671      1.95146902   43.38063804
     25.24483517   68.59262954  -45.71175741 -154.79572894 -240.02942362
   -245.70188677 -116.60411052 -163.92074341 -282.04105518 -161.60836662
   -171.98548089 -245.00556688]
  [ 331.77398851  331.23658427  -27.98506481 -380.57805811  332.31137207
    -17.63315375 -386.06448232  557.38725411  757.74675283  742.31760541
    844.91586355  721.32419892  514.82403197  623.53113399  720.49956833
    487.94205126  488.28707797]]]