[[[ 409.47        299.71428055  280.90507948  236.22273582  519.22492129
    597.34597086  684.1797909   403.77018371  412.27971774  384.89663727
    392.19145251  528.27985221  659.58924974  717.0708226   298.85017667
    192.39733681  113.0663248 ]
  [   0.          -29.79234084  -56.76278516   50.49275601   29.79206589
      1.88994544   73.3310178   -88.07582247 -242.80473748 -339.32449724
   -364.89745299 -205.0993792  -185.54250974 -291.67563899 -229.10303763
   -195.21461255 -283.94796768]
  [ 420.20263195  418.48295721   54.83717912 -294.58237162  421.92229093
     62.12489513 -299.75753682  638.96748379  804.97106753  765.31938169
    862.70386355  787.94468565  608.10752807  488.40361686  764.33790851
    545.03384352  442.07163718]]]