[[[ 485.96        471.30462813  183.05730186  435.8308956   500.61559195
    308.49182597  659.41482109  553.51673779  576.88135872  472.4100451
    539.03639436  592.94027316  511.2457806   403.00682739  547.41531175
    394.72896528  214.35375533]
  [   0.          103.79373737   71.99672999   99.09948146 -103.79293408
   -152.26563038  -78.84769045  -51.37556801  -92.07270683 -108.97546711
   -127.6624606  -197.43724362 -307.76430668 -266.53547979   14.25995706
    100.94651777   44.53409015]
  [  85.12185414  115.16084163   28.33822243  -19.85732973   55.08299237
   -106.32032892  -37.86519082  272.69497086  476.85287399  461.52689596
    559.45386355  441.55666438  289.70111555  204.64229259  464.47246748
    279.55760942  214.90038744]]]