[[[ 385.87        284.17479941  310.38193489  351.42266867  487.56472564
    529.42061333  517.29593559  358.56609271  376.03484683  370.45367312
    391.96559123  483.92277309  596.18495094  674.88879793  263.42483151
    168.64017969  136.06978674]
  [   0.          -47.92351778  -65.32250149    3.46190643   47.92304309
     16.26824833   77.46167443  -58.77473617 -181.71412237 -276.44206661
   -292.18310355 -132.29002986 -116.35602996 -239.13654886 -188.12074782
   -198.1514281  -277.0461966 ]
  [ 379.27955811  373.90684914   11.68848322 -332.34791526  384.65222809
     29.47973288 -333.70932063  611.74035994  797.41192583  757.31617638
    859.69086355  780.60702257  598.80555796  623.91392072  758.51945531
    518.23045268  603.12819574]]]