[[[ 344.706       230.58174688  272.56392598  317.9537112   458.82956201
    467.73486687  464.96898545  304.97589818  290.01172877  258.28390639
    265.24558801  419.79902826  614.06281745  783.70497837  166.33358668
    -34.7414614  -163.53320879]
  [   0.          -40.40369989  -22.79765134   41.7579621    40.40329886
     34.98740633  130.53615438  -77.32911175 -212.66573897 -311.2072894
   -329.51903214 -171.32147176 -152.76392461 -292.57197359 -191.54182019
   -181.92361539 -309.62488585]
  [ 476.09745367  469.03018028   77.62252144 -310.97030522  483.16470153
     93.92010478 -302.71472009  705.19403788  878.19730592  828.59464118
    924.67075889  886.78057481  804.52158585  898.1566973   837.36205495
    694.67775485  800.59621443]]]