[[[ 303.582       194.38166091  242.7237666   255.21540458  412.7816233
    447.49521725  469.57962489  258.8114948   250.44690277  232.03857129
    244.3055149   368.57255845  492.80262665  543.31385932  139.63111655
     55.37119107   40.38614205]
  [   0.          -45.53560577  -57.42812173   41.58012471   45.5350369
     24.0396281    77.72444707  -84.16176544 -243.95040536 -343.6738475
   -385.5893794  -204.66115913 -171.1350609  -244.39826977 -237.26906859
   -221.90177852 -273.83764473]
  [ 427.39795785  422.265101     45.53168293 -308.72253704  432.530753
     65.58694504 -309.71805426  657.15629072  793.80663553  730.43955225
    828.11340624  784.06833791  576.29193231  286.90984659  745.37558752
    486.66304765  186.93997314]]]