[[[ 3.97650000e+02  2.87960547e+02  3.58061018e+02  4.26467463e+02
    5.07338576e+02  5.65607195e+02  6.31070556e+02  3.97949793e+02
    4.41775077e+02  4.27865682e+02  4.78948172e+02  5.64194410e+02
    7.60492096e+02  6.83693322e+02  3.09368061e+02  6.22522757e+01
   -2.65858113e+01]
  [ 0.00000000e+00 -2.27013087e+01 -6.45743634e+01  4.01810592e-01
    2.27008091e+01 -2.70724568e+01  4.85974432e+00 -8.18751101e+01
   -2.38964377e+02 -3.32712087e+02 -3.69664460e+02 -2.17573394e+02
   -2.18107497e+02 -2.91054768e+02 -2.08059366e+02 -2.02126529e+02
   -2.70287018e+02]
  [ 4.06833958e+02  4.09286081e+02  5.81801476e+01 -2.97315874e+02
    4.04381857e+02  5.16331128e+01 -3.22460711e+02  6.41006119e+02
    7.93095397e+02  7.37368478e+02  8.34252017e+02  7.51421094e+02
    5.47025620e+02  2.94732031e+02  7.87233224e+02  6.34119734e+02
    5.41946552e+02]]]