[[[ 344.794       234.30067283  326.07284742  424.863798    455.28674919
    453.97967549  531.42034043  360.66123864  386.06084862  366.89310712
    377.52186333  511.50269911  635.49527505  603.30798366  266.10199327
    196.65124342  212.7096474 ]
  [   0.          -13.58821739 -108.62107812   53.16734073   13.58815589
    -79.55922279  -14.03147269 -173.74830338 -401.26300544 -507.50106842
   -519.08177411 -374.21272106 -421.71209376 -522.92462733 -377.09305916
   -397.70025449 -517.8242619 ]
  [ 333.42495785  325.95452633   -7.39660227 -225.71147685  340.89528292
     -5.41456732 -262.54442113  477.60755507  549.905223    527.40609739
    633.61694793  528.53378615  314.62139591   57.83822748  511.85446904
    271.9417772    40.43894393]]]