[[[ 515.48        414.99203266  455.43505247  453.97476935  615.96740029
    658.70731957  726.90612686  495.91831037  521.39014402  474.13138724
    504.44341401  632.40431989  779.39146927  889.25999383  402.4401929
    190.41336169   98.08374185]
  [   0.          -43.89879445  -47.90508058  -12.35499767   43.8983171
     25.29052861   71.15822727  -40.37511666 -136.69290551 -225.09687685
   -233.81138417  -98.26256058  -57.01102318 -174.59241093 -130.63433468
   -201.36666719 -321.55221691]
  [ 233.86643309  232.89299948 -108.66695105 -496.78999326  234.83983631
   -122.68246782 -478.91788401  478.62993389  682.66567617  655.5391571
    750.77142263  656.70179763  466.6882951   309.81298333  665.34027868
    680.8450169   859.72886355]]]