[[[ 297.684       189.61599562  299.53097406  361.3673283   405.75125546
    505.97916822  593.95653103  266.67783311  271.82975739  257.56458843
    266.23001704  392.86535692  549.35806423  628.50790517  159.17468122
    101.3723267   103.08712848]
  [   0.          -55.33435975  -74.6976873     4.73964422   55.33378179
     36.95043931  101.65716634  -73.96115371 -219.88881187 -321.80485354
   -357.26281337 -174.71242333 -150.41052778 -242.4476077  -224.65440229
   -225.45149101 -289.24830735]
  [ 415.67395785  406.36918207   21.26056078 -305.61737574  424.97866257
     60.96640971 -269.28085289  644.56528795  800.54895891  745.79955853
    842.2265275   788.76772751  587.28989446  305.27385305  755.57792768
    517.49790654  339.11085519]]]