[[[ 341.741       239.71999176  263.20645382  304.03042367  443.76130045
    449.40123634  490.70803072  325.84110275  353.36664901  304.27656614
    336.15598922  461.8684915   567.40629376  555.62803365  233.87275299
      2.46558524  -48.26283832]
  [   0.          -21.51978099  -33.33595335    8.88318768   21.51939618
      9.58401556   75.23383623  -45.39854812 -162.31831674 -251.52539681
   -275.69930892 -143.73087685 -114.32658678 -190.49494469 -132.87883769
   -150.20869363 -264.6220899 ]
  [ 349.63656877  352.98158019  -15.80402819 -380.75186126  346.29156447
     -9.18656703 -362.68907124  593.43632762  780.31334094  741.27268317
    836.17086355  738.55867421  500.07531574  218.4140229   771.43678058
    730.64366713  794.80269308]]]