[[[ 527.13        428.31713594  426.13607743  404.80595718  625.94216798
    661.75862395  721.57706885  482.82324587  479.91781749  443.38437118
    449.94721427  591.36666059  730.93215349  742.16988189  369.57678831
    163.84268374  150.26123701]
  [   0.          -53.53265708  -27.07308505   16.60586369   53.53211112
     52.2714567    96.10826928  -65.71224846 -180.75803052 -268.25098329
   -283.33212667 -147.98407648 -262.44822303 -396.98176962 -174.66237276
   -269.67352462 -360.1783868 ]
  [ 292.05591488  285.48381454  -84.19729647 -470.57461353  298.62799104
    -73.89265462 -474.61043972  528.33052371  711.85706763  678.24017735
    768.27558081  732.20379309  851.52752936  883.6583546   667.48057448
    677.46838384  793.78980223]]]