[[[ 391.66        248.39405783  294.49058706  269.61827369  534.92489986
    608.74379833  644.23600045  387.25020288  427.49146751  387.84164698
    424.38063599  583.25826893  874.12061654 1210.50064109  267.30212842
    -71.74861085 -327.98054737]
  [   0.          -17.6760043   -30.52212192  227.20080695   17.67554991
    -35.81067435  125.51392472 -124.82802576 -292.55148449 -413.10448512
   -447.13714766 -257.31710094 -184.7118615  -293.82664226 -244.8036191
   -213.35248524 -344.49790341]
  [ 380.51095785  378.95167737   28.38241603 -153.11593492  382.07020075
     -3.07472476 -230.12602355  595.71787065  745.52846192  691.05733952
    790.54927055  718.80261484  586.29521904  375.88714965  762.0946414
    743.3636265   718.91171212]]]