[[[ 427.18        316.32368978  271.72594044  210.2426817   538.03543318
    632.65070439  731.36684647  429.83833198  434.1151518   407.97231912
    412.57754715  550.23018062  660.4639109   705.77051362  320.7712002
    228.87917593  166.86454177]
  [   0.          -31.2271595   -62.54462579   54.48043352   31.22692377
     13.36082438   87.65344848  -95.93098938 -261.19107534 -360.03444304
   -395.43632492 -221.26107789 -177.06768382 -252.01501636 -249.33357311
   -210.71597793 -272.77533767]
  [ 424.65195785  422.73910167   69.24232289 -279.19309087  426.56479387
     72.9748465  -282.69186192  640.97490104  795.15871979  757.88634134
    854.39460619  785.99770414  604.45931838  391.96458421  742.48915635
    503.48184168  318.16614146]]]