[[[ 438.74        325.8233629   367.22609793  354.34836079  551.65575489
    581.2956296   526.85303452  462.07970145  552.13971479  519.12668277
    584.60007535  662.06506281  821.9362079   910.0447771   418.25457707
    153.09425634  -30.95047587]
  [   0.          -24.01174943  -76.9880262     4.00717902   24.01126169
      6.42713008   93.15252711  -93.13934964 -234.24856586 -331.70040559
   -363.7612293  -198.17834142 -137.1857823  -212.60748482 -205.93099596
   -201.16620324 -318.79985653]
  [ 219.86500152  228.85171233 -128.77957438 -522.12088777  210.87832119
   -162.31506224 -522.6940502   452.55076034  600.5241672   558.23257531
    651.18538192  534.96626061  303.88089431   54.84947388  630.68199217
    675.65062971  839.04686355]]]