[[[ 321.002       210.02492422  224.58789045  254.90170953  431.97840923
    433.64250298  415.72316623  304.55487822  314.10178237  282.04452875
    286.83520742  436.65502732  616.83852526  618.04645701  188.87032112
      3.31057804    3.21284619]
  [   0.          -52.46833754   -7.99031273   47.66299885   52.4678582
     70.4025979   162.88737406  -43.68011944 -149.82355234 -239.43991875
   -249.2049036  -109.81900554 -173.94026371 -311.21062504 -148.77714204
   -238.80749201 -332.89871383]
  [ 392.72499288  394.51990262   -9.11203658 -408.72251859  390.93010486
     -8.51601808 -398.29557881  642.11451404  848.68498468  836.97234987
    930.14251147  843.79460049  816.04345898  808.14671112  807.51800405
    779.75732727  901.15625398]]]