[[[ 488.92        372.36177205  382.48822759  263.17742479  605.47719296
    720.04933345  732.84408371  468.84022926  481.37493841  467.26936014
    475.90085224  615.26810842  908.0840602   951.39308975  349.86962263
    137.26674352  101.76325576]
  [   0.          -61.16964859  -96.55913184  -26.73146607   61.16902829
     38.17962888  109.28009477  -82.86065936 -204.09760352 -302.13234133
   -321.8781041  -152.20140299 -217.73902493 -409.06373782 -206.54956289
   -309.27274461 -416.95674914]
  [ 382.87032331  379.21885553    8.95631918 -369.05448927  386.52176213
     19.57824085 -371.70803114  612.70904566  793.22732752  766.81122847
    856.99461406  790.45630091  800.24131385  865.68335445  765.12428574
    764.71178106  851.82853816]]]