[[[ -28.986      -270.6341594   688.47700813  584.25418778  212.66199397
    717.3459213   592.03057616 -136.20832414  -70.78096471  -82.79995267
   -107.68036637  178.15353662  496.18036595  596.1414836  -333.14966524
   -529.70947874 -695.82777102]
  [   0.         -237.82451682 -799.45155473 -529.85951993  237.82279413
   -395.03690631 -267.17651225  -38.31737908 -156.40320006 -344.96540373
   -311.85733595   -7.92085025   65.98846571 -146.22039622 -286.50552563
   -372.92838832 -503.59227396]
  [ 113.93150769   75.68238745  760.60400809  550.88689229  152.18049408
    785.95986355  551.59004417  415.12706936  599.87070314  469.96669263
    587.51275986  607.68712578  345.2319428   -97.10354328  596.9245006
    331.03420639  311.50084731]]]