[[[ 374.22        306.74649557  387.39112598  166.03130383  441.69296753
    699.29157828  718.56971076  334.35526729  344.29873496  409.19481884
    395.92109772  437.97011147  724.73912661  891.66166282  269.74802919
    401.75821123  644.93367741]
  [   0.         -106.53280263 -136.28759948  -26.9307437   106.53171732
     81.36920764  140.83879779 -107.79944827 -232.55237706 -314.93943978
   -349.44829778 -134.49300611 -140.29588693 -384.04187709 -312.30894526
   -491.49176934 -540.55348942]
  [ 357.22081209  328.38884592  -35.3953499  -310.4391557   386.05255421
     52.60680466 -310.00528866  581.19876204  746.61690995  718.34123881
    812.62086355  750.35572314  667.23806752  571.34530769  675.34764085
    500.80249716  459.17191168]]]