[[[ 400.62        313.18907404  339.3625853   340.90560144  488.05049287
    488.88933176  457.50650695  427.97463283  495.20973286  480.33992525
    527.40425832  589.58593218  726.3433924   629.85202334  383.22539642
    171.5979886   -18.32117443]
  [   0.          -35.54962623  -15.13982767   29.58415712   35.54913663
     70.8563626   137.89368444  -46.6419479  -148.29117042 -215.04470384
   -232.78165206 -117.17372467 -164.12422431 -264.86965579 -135.82641858
    -94.33883256 -151.18484358]
  [ 369.09861637  379.24901195  -18.06153028 -419.56845916  358.94829764
    -39.36406036 -415.54327284  612.60686705  810.94780919  797.4879023
    899.68507554  757.11618712  557.90977622  585.53013477  807.58998807
    710.68024253  749.29547963]]]