[[[ 203.273        93.85332414  153.42077802  138.10608025  312.6920314
    346.14991667  365.84847545  188.78953793  208.81335921  203.02244125
    208.23804055  333.02722207  547.98304315  538.72722885   83.82312322
    -51.42918416   18.35518373]
  [   0.          -54.00267323  -45.06145406   29.20463689   54.00209432
     23.91265138   87.85860327  -67.27810186 -207.27554707 -304.20765994
   -325.8742812  -159.36228793 -206.72604755 -346.72017123 -215.77359401
   -297.33114618 -391.75042769]
  [ 381.19760059  381.67052302   -2.40834801 -376.40067361  380.72467832
     -4.33118592 -384.21930262  622.90265734  806.74812545  775.89408185
    873.5039032   792.45643019  658.58997302  567.48517033  764.33732664
    575.51411816  582.59042713]]]