[[[ 135.625        12.88334296    5.84175735  -29.99650608  258.36581112
    277.36969282  284.21461388  116.60821485  130.70589083  111.93646769
    118.93244105  258.79812779  453.05704495  498.49539108   -7.50385321
   -255.53183121 -245.08022365]
  [   0.          -56.37237147  -17.28633121   51.54852168   56.37182639
     60.95603355  169.29185984  -28.58431118 -130.43381705 -219.90243679
   -239.89308026  -80.84072867  -89.14722965 -226.49318014 -129.27911131
   -171.07207562 -283.75137485]
  [ 424.04477514  430.20033222    7.03157227 -415.47152872  417.88928919
     -2.18199748 -405.73800915  688.54315827  899.9569945   880.27054619
    976.94930386  889.23485894  818.38598497  831.00541904  859.59379159
    739.05571089  819.01627911]]]