[[[ 371.22        259.76512843  294.18383088  323.79917345  482.6741693
    473.67200287  468.17840234  373.60033973  418.7399866   399.52275726
    434.41797071  532.2870027   627.18589092  619.4202462   293.08884387
    132.87664167   84.30145106]
  [   0.          -33.77529388  -29.09423514  106.36561912   33.77475406
     14.94630574   73.38116214  -95.6057211  -257.73804816 -353.70055329
   -398.19558539 -221.43521658 -183.13210208 -246.80170779 -243.00856347
   -206.46926869 -237.59189998]
  [ 438.0186409   442.20919476   50.96966716 -276.55512499  433.82807375
     45.40580761 -321.13790571  669.73174132  809.37891119  751.44024484
    851.14111388  774.38568583  532.59300439  211.02500551  789.88769843
    564.99898564  263.05941317]]]