[[[ 224.022       100.87526125  174.45900052  231.34530207  347.1681017
    404.9608849   451.95772613  221.13755398  243.81287278  238.09413704
    257.34275504  380.57778319  597.34879731  665.93712466   99.82184413
   -136.08244348 -276.11157595]
  [   0.          -47.70373031  -45.54962559    6.42430384   47.70331304
     12.82004073  108.80860095  -72.40744115 -202.90381888 -305.02624224
   -321.62208156 -156.59123816 -181.14516381 -325.33900987 -189.80538055
   -191.11611907 -311.14198495]
  [ 380.33240171  380.25341073  -12.88591768 -385.59560744  380.41144523
     -9.12436351 -374.33882602  620.67304887  805.7373956   776.57024686
    871.06700915  808.64756981  793.80276311  840.65597846  768.15635084
    660.39390739  723.48118508]]]