[[[ 503.6         437.86067161  464.37121372  461.55948643  569.33917095
    576.8548998   557.67312376  510.04780793  568.42464636  564.29567741
    600.283931    633.7156133   681.47269252  732.46843117  485.65274838
    407.65718857  355.82245168]
  [   0.          -45.1243168   -42.50188901   -5.65810346   45.12373735
     70.8160257    92.78450321  -37.83643751 -109.05077698 -166.13951941
   -170.55286217  -63.20802939  -88.02335186 -201.98081186 -133.63890571
   -159.58480377 -178.77387948]
  [ 320.98822088  324.28288224  -38.58777409 -415.90646669  317.69355202
    -45.59605427 -409.76921549  556.09692592  771.07422375  753.40710092
    862.50286355  709.4679103   470.73304128  566.42189685  763.39017236
    615.56536706  643.3754286 ]]]