[[[ 485.87        395.41538788  429.71164636  355.22102131  576.32406937
    562.95394536  528.83648463  478.70858997  524.27187369  514.81710382
    546.97098723  628.36465115  802.5802632   710.69662218  411.17408376
    238.84802796  250.00698986]
  [   0.          -59.04559644  -54.15470663    8.64302161   59.04475517
     90.57055124  136.05952005  -52.39241151 -161.41510489 -238.82285627
   -270.39931514 -117.1047395  -163.09494253 -275.22939741 -174.0797786
   -216.22338404 -243.03370617]
  [ 463.68566956  466.66053188   68.65672491 -333.37540118  460.71080134
     57.74878201 -346.39815319  714.65946928  903.69432628  855.74740998
    959.28682275  867.63612319  660.52539986  640.31678343  885.74411427
    694.80062096  655.99710466]]]