[[[ 3.24165000e+02  2.10051253e+02  2.33794404e+02  2.65547972e+02
    4.38278135e+02  4.55302705e+02  4.39785718e+02  3.34459372e+02
    3.71376049e+02  3.53021011e+02  3.75018905e+02  4.95031378e+02
    7.17206586e+02  8.45922223e+02  2.41755430e+02  4.28341517e+01
   -1.15235378e+02]
  [ 0.00000000e+00 -3.23569916e+01 -5.38614975e+01  1.29644025e+01
    3.23566284e+01 -4.89991462e-01  7.08010174e+01 -8.24124468e+01
   -2.12229313e+02 -3.04084279e+02 -3.15754975e+02 -1.70558818e+02
   -1.89055006e+02 -3.43137572e+02 -1.95234026e+02 -1.73635113e+02
   -2.71718050e+02]
  [ 3.40575062e+02  3.45253746e+02 -1.77547149e+01 -3.61586550e+02
    3.35896431e+02 -2.75786229e+01 -3.69034697e+02  5.70671682e+02
    7.53377571e+02  7.23950039e+02  8.24339864e+02  7.29076700e+02
    6.37955368e+02  7.33860050e+02  7.40813792e+02  6.09591788e+02
    6.24836064e+02]]]