[[[ 497.81        402.93497497  331.98237758  387.32572499  592.68416666
    683.36230708  840.51332181  505.77696448  529.01736915  491.20312389
    521.07557289  630.30611984  757.91295888  816.70819867  431.64013602
    338.93927608  194.82239611]
  [   0.           -2.64989927  -66.80274748    2.87962618    2.64974222
    -51.33952302  -30.77346035 -104.7187013  -265.6665798  -347.19476224
   -382.28886506 -253.13311518 -251.25917286 -317.73583243 -230.48229662
   -185.7737987  -216.81454532]
  [ 362.78995785  368.46367859   72.87182199 -265.21971634  357.11627792
     41.02094434 -286.81479827  574.06440219  713.73880686  651.07770311
    749.50679752  679.56924767  483.62262198  245.07425442  690.31887925
    498.7631383   311.2753285 ]]]