[[[ 297.681       181.22707168  290.55374312  352.72350546  414.1341843
    445.52894499  483.94086818  263.16596022  282.29809714  285.22513137
    298.34698535  418.78273861  686.77739933  751.45141709  151.67133109
     29.39121307   78.67903548]
  [   0.          -63.40918559  -64.17601279  -24.47301081   63.40841846
     15.12406291   52.60654744  -68.00315935 -213.20429606 -317.57128837
   -344.5441996  -154.70370584 -159.83977862 -296.12235462 -226.94209045
   -310.99911059 -378.2335606 ]
  [ 491.08723849  485.56921975  106.0708916  -304.44936512  496.60521077
    104.21086947 -320.25515574  736.68442297  901.90066718  855.47161726
    948.81239423  893.03403792  768.17512744  604.01571911  862.15435848
    677.56984234  700.31784918]]]