[[[ 224.092       117.80659273  173.90620152  180.27496737  330.37696551
    438.29001707  523.51380598  205.89720779  262.87934118  266.21568021
    307.37217714  361.48497884  412.48923005  450.32700586  141.0769915
     -5.10185214 -125.6240856 ]
  [   0.          -59.3082167   -43.97196683   35.02348477   59.30762443
     11.39136705   55.83110252  -39.78944001 -142.87971503 -229.93018286
   -258.94173336  -88.8509584   -14.87836361  -81.44213333 -152.5949252
   -129.50419464 -199.32779311]
  [ 334.30318753  333.40640278  -52.16984489 -400.98618571  335.19996166
    -42.70077694 -413.42377443  588.5559184   780.95306811  745.30887434
    844.87986355  741.1390982   486.15147346  240.39479051  754.77416532
    537.17463559  549.59232007]]]