[[[ 394.68        275.92419388  294.78260326  318.74928187  513.43489058
    521.33727248  463.78426923  313.73082029  220.4425027   172.33945207
    159.85625562  364.60870472  621.15840117  793.23472384  109.82565389
    -53.25924543 -176.63491299]
  [   0.          -29.83392108  -17.79623299   58.53283015   29.83359839
     23.03639106  115.89479977  -83.50894358 -231.22103908 -336.28807802
   -354.89368902 -208.60948091 -249.6180858  -388.98989516 -191.89235305
   -196.41603311 -347.03611695]
  [ 215.95631425  204.87590686 -162.25630965 -501.94272825  227.03666093
   -127.70831481 -509.17021925  428.17892895  571.87867415  528.59794057
    616.42253457  623.31088099  744.64542262  859.59486355  501.81037496
    333.5050759   391.59981028]]]