[[[ 300.608       184.51938437  211.04341298  166.14762844  416.6958473
    410.40180472  330.12815135  242.29724108  245.8067794   239.26073863
    271.4148974   371.03224296  643.95505171  844.6919119   115.01689006
   -133.70608648 -269.38864959]
  [   0.          -54.44174715  -76.88533644  -65.85194534   54.44111388
     35.44181329   93.83380129  -67.59104607 -171.35880069 -269.3526198
   -279.47204175 -115.33315133  -95.25149701 -260.17880956 -170.79609386
   -270.03145843 -421.04963406]
  [ 221.82202751  216.09555602 -134.48894196 -533.90353762  227.54846477
   -126.35527491 -522.77529373  451.03054197  634.4881126   602.81997936
    694.56902005  616.87377589  516.17200686  588.24471421  623.88477192
    656.91856934  819.54556514]]]