[[[  88.809       -40.61878869   -1.16976248  -53.67396184  218.23577261
    248.39754853  279.67572709   54.27976043   47.89157934   27.98379079
     29.09408623  195.33473591  479.33331862  448.45545299  -95.6504838
   -320.34119834 -301.16857195]
  [   0.          -60.94862153   -9.49689389   65.45284743   60.94790749
     64.0145391   159.87452419  -40.76303782 -173.31330375 -271.74664672
   -307.25253476 -124.80961344 -140.73312067 -269.71912272 -167.46774243
   -208.45855132 -314.02960558]
  [ 483.82172756  486.9646585    46.73365064 -370.3165044   480.67885234
     42.28331694 -367.37735645  746.6428313   933.80833565  898.48804238
    991.57123196  929.92086436  866.82021805  715.26365183  886.93666534
    754.61537281  720.41387829]]]