[[[ 253.41        162.34746173  108.1716794   136.65578348  344.47204484
    353.28342403  479.73506806  269.87856726  281.40194603  250.0522046
    267.49187824  381.80081051  483.74763191  415.18887941  184.84029162
     87.92678919  -83.19684032]
  [   0.           -6.68276739   27.17193904   94.25184828    6.68267559
      6.14024869   61.11036821  -45.45336694 -145.15830654 -209.87636891
   -224.18262299 -141.48203108 -198.43340788 -283.65385818 -111.35074819
    -17.17490935  -35.30356734]
  [ 314.74267148  327.38888621  -68.18515174 -422.55830678  302.09656921
    -86.14274487 -440.60698889  553.03972972  755.79414067  742.0297748
    845.62266038  721.27977573  517.94569742  579.98419063  716.18294717
    505.76190695  395.75924077]]]