[[[ 365.303       267.1395206   165.567031     64.90626896  463.46579364
    594.89532747  699.18064353  340.83981148  349.33263135  350.20417803
    365.30375862  449.06991388  609.23931595  509.40260757  248.2646956
    158.78057584  239.63824403]
  [   0.          -41.88310058  -74.86617766   23.75514247   41.88263487
     -6.12457389   86.7482802   -67.13929028 -156.99425271 -246.4936133
   -233.58076994 -124.81813367 -263.42430434 -393.62335429 -165.89888988
   -359.44170434 -423.79782651]
  [ 153.19331551  149.71368482 -167.40506572 -505.06425072  156.6729342
   -159.29958287 -512.84845116  385.54898356  594.06773826  602.23412947
    683.16600942  586.14929206  714.75419625  718.26615937  557.49769661
    720.11490991  812.60686355]]]