[[[ 450.66        358.62784606  399.02711084  433.97584218  542.69135139
    607.46544888  637.61135197  465.99964053  553.21993653  546.4549588
    607.96340989  642.64004401  795.33355933  904.64740563  439.27889408
    225.96121407  187.75839519]
  [   0.          -39.45787995  -24.92953114   41.67045996   39.45731595
     46.32012673  115.06224448  -60.00930542 -136.82235866 -220.33649837
   -236.2148597   -92.88118629  -56.97066764 -162.64536377 -145.74660812
   -293.81015893 -403.84067342]
  [-175.73162026 -171.85694419 -551.97377752 -935.26338478 -179.60628932
   -568.73436508 -930.49790517   66.77039201  262.62973786  246.99070885
    332.47374672  193.25546551  -29.43297103 -226.54889164  296.20013318
    586.67164379  850.03376452]]]