[[[ 397.73        274.10381557  241.12443757  199.15404654  521.35528066
    591.27733173  656.06414489  365.93163271  368.46755374  343.05391133
    361.99527053  501.81178007  734.92634965  870.55191757  236.53231395
     19.80463723  -88.12514273]
  [   0.          -38.0786787   -48.58746781   35.09847396   38.0782652
     13.84093511  111.01315573  -69.48918626 -186.96861394 -290.61789827
   -305.31901507 -150.5237411  -169.08651764 -338.48916006 -173.34164488
   -220.9441036  -356.81711193]
  [ 399.54672447  399.0040452    17.23231024 -341.56942613  400.08941173
     22.58955879 -340.45390685  629.70872252  818.54644669  775.52089308
    871.40286355  807.97193733  705.04214226  827.86903324  799.05031656
    667.89497237  816.14753546]]]