[[[ 421.33        300.61982312  316.94197081  307.29235534  542.03934257
    576.0929669   600.83151655  410.42911182  428.89584937  387.08229111
    398.71677167  558.80945789  727.0809819   846.30948851  296.93460384
     91.97179072  -37.76201043]
  [   0.          -38.71804355  -39.04630568   44.62179049   38.71763067
     35.76807897  120.31547141  -79.41120925 -221.21512135 -321.22096225
   -345.20863579 -181.04585218 -156.79481199 -274.76142571 -202.26609494
   -179.67030311 -278.55033554]
  [ 445.80790802  447.08329285   59.35963022 -315.63031923  444.53254507
     59.57546965 -305.64407968  679.18529132  852.84332337  796.92873185
    896.08122725  834.75784746  681.74815081  616.36693559  833.94937881
    711.4401044   668.93551778]]]