[[[ 6.50840000e+02  5.42824871e+02  5.04304866e+02  4.42857837e+02
    7.58854571e+02  7.21020121e+02  6.71516535e+02  6.43443792e+02
    7.03795251e+02  6.63960970e+02  7.17205550e+02  8.09554800e+02
    9.17883766e+02  1.11339788e+03  5.75784949e+02  3.47292210e+02
    1.70248399e+02]
  [ 0.00000000e+00 -3.91972508e+01 -7.51306246e+01  5.20993520e-01
    3.91966624e+01  4.22779395e+01  9.29144193e+01 -4.76559116e+01
   -1.44559800e+02 -2.38033470e+02 -2.53102552e+02 -1.02746632e+02
   -4.40813175e+01 -1.56834156e+02 -1.37169442e+02 -1.24304850e+02
   -2.34879196e+02]
  [ 3.48627958e+02  3.54769947e+02  3.88528194e+01 -3.26808125e+02
    3.42485983e+02  1.07868479e+01 -3.40927794e+02  5.91559480e+02
    7.89992933e+02  7.54655941e+02  8.59490864e+02  7.27595310e+02
    4.70115692e+02  3.64145743e+02  8.05561841e+02  6.95700163e+02
    7.66881177e+02]]]