[[[ 321.263       199.54524011  230.51773458  226.90208417  442.97993302
    441.94606331  431.00897027  305.17415269  334.09569532  305.95642523
    327.35714724  465.32530159  656.95492172  778.09132495  196.17932517
     -9.13896067 -149.15339338]
  [   0.          -51.65451448  -17.80693633   38.97806493   51.65388435
     92.11146853  187.12289719  -60.28550182 -202.95391936 -304.6127409
   -337.90383407 -149.23069543  -85.16992557 -168.58832465 -191.63893902
   -160.06988149 -217.68918868]
  [ 464.43225055  466.91364589   54.47542918 -350.89272379  461.95087731
     56.28897013 -320.55803106  715.6314763   890.99316647  844.55933369
    943.94897434  866.23908004  710.44845186  510.15271387  869.06799074
    770.74428266  626.27210202]]]