[[[ 368.125       243.85225553  156.57600923  109.45020148  492.39667862
    586.47215705  651.15347693  378.01495586  422.15905789  397.4997178
    422.93257243  546.2140327   737.70830184  900.06163732  288.25378527
     53.02636687 -130.16137827]
  [   0.          -31.47306041  -87.3810367   -11.67954904   31.47270234
    -14.25982477   71.36931494  -82.1548971  -227.96816778 -324.11990754
   -350.62681642 -186.25113445 -166.34120755 -311.70456505 -207.18367528
   -169.68777391 -234.74270348]
  [ 387.43407492  398.8634565    63.81909466 -342.9398266   376.00480785
     27.29667928 -342.03321126  619.57089284  797.62814459  754.78975393
    853.69686355  752.55365733  576.01774849  565.80147303  795.6148045
    693.02984735  570.72350518]]]