[[[ 583.28        547.60063827  303.20937757  408.66635594  618.95929676
    565.43659286  796.70422358  681.7997881   759.19204933  653.64765439
    728.59197689  772.76219542  555.11430323  463.00246496  707.78025857
    462.88124164  242.51201994]
  [   0.           78.29791586   42.60653961   89.80138701  -78.29733757
   -188.56320987 -213.01926269  -51.36386003 -132.37439947 -161.82461614
   -174.63348958 -209.93767201 -334.05700582 -272.5179924   -31.83611199
    107.01130869   -8.48936294]
  [ 261.00776851  300.11336621  120.39436204 -204.94003414  221.90243927
    -62.92601579 -335.81808446  465.80972011  667.97018131  640.28186563
    738.95986355  581.62461132  415.38816389  621.88157902  706.67464236
    691.68916215  713.93245908]]]