[[[ 321.098       238.7953966   257.15934191   64.00515708  403.4001072
    537.9622558   599.62623125  233.46563298  219.57790669  267.59026978
    270.00134806  319.08994853  564.09043857  761.00781102  125.91080423
     44.09003829  190.46404257]
  [   0.          -94.8158375   -46.78396874   19.08608448   94.81485442
    128.82066017  203.86345532  -56.60029664 -157.65217519 -237.56651252
   -263.92727724  -71.25255965  -58.0402929  -234.92895567 -211.7956866
   -322.03883387 -389.70679935]
  [ 390.48752181  372.43229517  -27.42729771 -371.81215974  408.54261775
     14.31790407 -374.51826462  623.93584385  809.83049552  782.51927178
    878.86178643  808.59850214  770.47220703  684.44836683  752.14538688
    559.22983959  472.39865952]]]