[[[ 256.477       145.17777273  192.60495797   91.67286851  367.77551269
    437.19348379  327.89346509  221.70756597  208.02486951  250.82532889
    254.72065636  339.36256908  582.72872574  764.90122698   83.8871101
    -42.41568639   64.76894914]
  [   0.          -67.55173905  -80.61940555   17.05166716   67.5509955
    113.96478365  308.50237065 -117.77867136 -317.29417078 -424.57478499
   -477.35603549 -236.04187566 -136.84734683 -261.3738082  -323.68460987
   -317.99031255 -396.92773714]
  [ 424.56895785  398.32211284    2.99476558 -314.68968987  450.81562224
     91.99431457 -229.67111508  640.88074343  760.99796379  706.00596074
    801.20885335  820.10149181  851.67144108  776.07231616  664.55848378
    375.52405302  182.41935282]]]