[[[ 468.32        359.57790217  409.96672811  366.81906022  577.06134506
    602.97214568  565.95845868  429.72367309  400.92431006  352.53892752
    354.34980726  528.89516131  704.79077413  853.55672039  289.81004343
    200.63616663  109.17155358]
  [   0.          -30.61218045 -109.80084672  -23.89679522   30.61182734
      0.98628889   64.05550008 -103.26287516 -277.81957527 -384.24767771
   -416.6862743  -248.23565895 -201.07939518 -268.14033535 -249.73914762
   -231.69686205 -332.67200233]
  [ 362.80795785  351.57605958   37.82527212 -264.50674006  374.03976256
     73.49801536 -261.12007952  568.77402017  690.75069363  625.89816941
    724.58406743  699.69099856  537.18664053  295.55324199  637.10488004
    399.25957437  330.19418753]]]