[[[ 4.09400000e+02  5.08461506e+02  5.48474436e+02  4.54861893e+02
    3.10339251e+02  3.69532142e+02  3.61906563e+02  3.51904810e+02
    3.62229634e+02  4.37562178e+02  4.67930348e+02  2.82256418e+02
    2.76318806e+02  2.27771515e+02  4.26795758e+02  4.10558313e+02
    4.01979924e+02]
  [ 0.00000000e+00 -1.04340949e+02  1.54431540e+00 -1.07900426e+02
    1.04339911e+02  2.17736410e+02  1.00299188e+02 -4.42094859e+01
   -6.39820239e+01 -6.63474900e-01 -6.45733088e+01  1.36602467e+01
    7.99838401e+01  9.19228491e+01 -1.50891011e+02 -1.96633792e+02
   -2.62759158e+01]
  [ 4.35064740e+02  4.20862665e+02 -1.31280217e+01 -4.62354107e+02
    4.49266711e+02  7.98674761e+00 -4.41480784e+02  6.91831152e+02
    9.21574402e+02  9.44969791e+02  1.03480685e+03  9.12075249e+02
    7.59041319e+02  8.89730196e+02  8.43148533e+02  5.45196299e+02
    3.64464550e+02]]]