[[[ 459.52        347.89566463  405.73864946  405.68031127  571.14348694
    592.32060153  564.93286572  437.24633387  422.43968076  381.00506236
    387.72742622  556.16426813  767.5186407   927.21962875  296.49800907
     95.84822698  -66.51960434]
  [   0.          -36.11328108  -66.10859903    5.01250923   36.11289188
     29.20315722  103.5397715   -99.9441496  -266.10513584 -371.1359736
   -403.70697555 -227.1349965  -175.55665573 -252.22065109 -238.83677497
   -195.94544932 -263.07023263]
  [ 383.39295785  374.497133     31.30692548 -283.30668645  392.28873655
     60.31743021 -275.28765109  601.2426804   738.73806188  676.01321349
    775.30257668  747.12183286  632.44415886  430.62769243  696.0985615
    531.6122354   384.07545313]]]