[[[ 506.47        406.50436236  277.32219545  155.71351453  606.43494158
    752.14771317  743.6303027   586.18754658  669.42092236  675.41950044
    678.81785651  772.24221307  994.28993604  938.20620654  562.39623018
    571.9544837   611.73495911]
  [   0.          -47.96524055  -94.48277246   44.10613287   47.96497726
      5.75756527   72.93764027 -112.36303717 -262.95774004 -348.84776658
   -369.57920395 -206.78914572 -303.17684025 -455.26343663 -283.83555993
   -332.38752553 -353.27226525]
  [ 400.87695785  405.04794216   80.8212033  -231.17244445  396.70604955
     88.35288608 -273.99387063  599.45197506  753.04072826  738.45687924
    834.12280718  738.02125997  685.31320633  785.9345087   720.51787175
    516.98776719  473.76161432]]]