[[[ 591.99        482.86870398  408.61227476  272.75034841  701.11040249
    766.76972956  825.70642501  604.96256099  649.74759402  613.88334905
    637.38858449  758.90077949  889.72818276  928.31690839  528.93281094
    296.80591654  161.24597584]
  [   0.          -30.48963815  -81.40736995    4.28059      30.48927279
     12.93771368   86.25606573  -76.16093109 -185.32157989 -272.25787546
   -285.48242022 -155.33042715 -217.49886321 -370.55168478 -173.48928011
   -170.72083227 -234.93441343]
  [ 389.49480522  398.47319597   52.8412415  -294.74345549  380.51649296
     32.85991254 -321.18173111  612.74222195  806.46051222  761.42721541
    865.48686355  750.07017434  551.6110958   711.2559862   820.36567841
    777.26966575  707.17343917]]]