[[[ 388.88        265.97483198  273.31875056  285.75139896  511.78443996
    507.19131485  454.07014952  376.75253205  396.67406251  374.73831565
    397.58834679  529.12683982  749.29875172  915.70651198  257.79151597
     13.18355461 -103.84000232]
  [   0.          -34.7858705   -32.80312653   61.17654566   34.78547601
     21.38631436  122.53105128  -65.82885159 -179.98348756 -287.74419448
   -292.86286897 -138.3989305  -139.17521058 -305.09854201 -163.38073657
   -196.14178643 -339.1685707 ]
  [ 378.48369031  381.20474895   10.51641517 -358.30401761  375.76265575
     -4.11942904 -370.94727127  612.1089298   808.39278815  778.91975984
    878.12896159  786.13190202  673.26508767  794.57312639  797.3101886
    719.18956647  839.01832874]]]