[[[ 3.94850000e+02  2.94166204e+02  3.16229558e+02  3.36948635e+02
    4.95533235e+02  4.94653465e+02  4.78301968e+02  3.43415231e+02
    3.35289246e+02  3.32002772e+02  3.52690224e+02  4.50080367e+02
    6.67518951e+02  4.84251395e+02  2.25351169e+02  1.04146850e+02
    1.94312377e+02]
  [ 0.00000000e+00 -5.47527287e+01 -7.18717568e-01  7.85617891e+01
    5.47521368e+01  1.05181816e+02  2.11851463e+02 -4.20907767e+01
   -1.22809690e+02 -2.18722917e+02 -2.19561347e+02 -8.98831952e+01
   -2.46738991e+02 -3.60135854e+02 -1.31992878e+02 -3.06855922e+02
   -3.53407921e+02]
  [ 2.86144439e+02  2.81898423e+02 -1.12271115e+02 -4.96928377e+02
    2.90390431e+02 -1.10115437e+02 -4.89379659e+02  5.21080911e+02
    7.29283049e+02  7.30350286e+02  8.15371305e+02  7.25638542e+02
    8.59884938e+02  8.41230839e+02  6.94786464e+02  8.12957876e+02
    9.17531816e+02]]]