[[[ 279.994       130.5760691   100.75105448   42.60006996  429.41095905
    461.31616145  576.83863289  281.7029147   291.29249125  204.31551144
    202.64793256  454.1041607   776.28990846 1071.59763515  134.67606695
   -183.95561762 -440.31108942]
  [   0.          -25.33256902  -30.64876972   84.12990571   25.33232416
    -13.89535218  139.32569419  -73.50290442 -204.05557632 -305.39173369
   -316.18288079 -171.96749561 -132.76613485 -285.58136279 -154.58347138
   -110.48580627 -277.01413086]
  [ 265.89529782  272.82898963  -83.95449008 -416.71200173  258.9617204
   -121.48185785 -395.00719185  514.65814753  697.82693835  655.635169
    750.82213631  693.58746238  657.37175219  632.54639272  688.06378362
    721.73603288  815.43086355]]]