[[[ 230.002       113.23835378  111.59792647   29.65251127  346.76475524
    343.94309893  255.29073228  205.36316829  228.53603624  226.7814586
    247.65391776  344.93715369  498.9556959   468.97629542   92.14281501
   -184.73430004 -145.42435245]
  [   0.          -70.30768827   -3.41326907   93.56543606   70.30703247
    114.81915706  220.13267889   -6.39580656  -77.79162408 -168.36437331
   -177.10181312  -20.1818473   -49.52158029 -196.24036096  -92.96830314
   -148.58461053 -243.57231332]
  [ 399.31379614  409.51475296  -16.33705057 -447.80174422  389.11291845
    -45.08532713 -445.68787217  664.41057772  899.52775338  902.08320485
   1002.28654035  860.94564191  718.52284035  791.44000536  870.87266611
    822.15469217  821.18655896]]]