[[[ 277.006       199.72929381  258.82581882   80.0631495   354.28230469
    519.08836105  630.46654938  170.99075733  133.37690514  187.59022364
    180.91215978  236.26925288  523.2249493   747.02535554   55.42029252
    128.56421992  230.09972684]
  [   0.          -92.84190096  -53.40971735   11.33627248   92.84097247
    114.78858385  173.39312704  -66.677436   -172.47115282 -254.068802
   -273.94882899  -87.09088439  -68.61363698 -261.01767144 -233.55260689
   -360.62522947 -444.14667453]
  [ 380.37216033  356.78023834  -30.32672409 -367.33713615  403.96391617
      8.22407127 -359.12165494  601.49644045  773.11535296  748.00643832
    839.04086355  780.11311744  735.76615082  669.98371438  707.36471069
    523.32086792  513.87188036]]]