[[[ 438.81        321.46803332  390.91231704  362.54042204  556.15111201
    619.56349385  583.86582957  375.45626608  337.89606466  343.66158159
    356.55504912  482.46968524  815.21394786 1036.69155193  208.72461581
      4.20554489 -164.38739847]
  [   0.          -49.13492954  -70.93501789  -22.29780801   49.13434851
     47.14136423  136.31707456 -107.76834368 -274.17312765 -383.87123388
   -406.56661551 -221.84615028 -224.60645421 -394.09255306 -257.87403671
   -291.43720607 -426.2739469 ]
  [ 340.45506434  320.91364065  -28.53714349 -371.21565025  359.99637061
     18.72423169 -346.98358966  549.97501361  689.68340384  644.52038973
    732.4798987   724.09761881  805.25388452  835.95186355  639.12485205
    529.03935538  523.99513453]]]