[[[ 338.825       233.47999209  318.17659726  404.19696284  444.16943952
    454.13419327  522.91017721  346.86335708  354.2797953   341.75823767
    344.12442022  480.00852217  647.10021535  644.38912307  241.71301573
    176.16081876  200.9235338 ]
  [   0.          -11.9555222   -76.05351327   96.54128342   11.95550036
    -50.23184884   45.25226898 -163.27013026 -382.87391498 -485.49401169
   -494.77007409 -355.88942891 -407.51960515 -501.22245776 -358.88800202
   -384.16952596 -506.52230412]
  [ 347.98795785  337.19799785    4.07892894 -233.55686308  358.77778533
      8.10136741 -262.60192614  504.68429041  595.58702322  584.69725726
    687.63423121  587.95968386  401.90256139  160.12602232  538.65304549
    292.06633819   64.80801441]]]