[[[ 394.63        275.51071587  296.22881602  336.97663197  513.7484985
    508.80834192  486.98985918  354.23572261  308.42298964  242.8052048
    237.14729788  444.46118769  613.33939348  754.33237006  190.95687358
     53.74825344 -152.16783159]
  [   0.          -20.03070113  -35.49551247   34.47408054   20.03048689
    -11.67484644   32.82633128  -93.90734169 -251.78637874 -349.85516945
   -373.66287027 -232.66091218 -221.21726421 -334.07583226 -208.76297921
   -147.91092412 -243.25364858]
  [ 398.06495785  397.15253213   42.91760506 -298.5486585   398.97740421
     52.22560049 -322.90284759  609.14692365  753.15656117  692.60120909
    790.04566213  761.210767    665.64797761  635.97754214  707.19378838
    527.66936538  449.96789053]]]