[[[ 159.191        60.42525689   60.98562387    8.30847333  257.95611331
    267.92291892  244.8348803   106.23735071  127.97669514  138.54752347
    163.05052536  226.27767458  346.0492049   456.08914507   17.07335022
    -48.79351761  -25.14713815]
  [   0.          -79.27668592  -12.42290496   26.10183765   79.27584442
    153.44257525  251.14404571   -1.59321378  -59.9244117  -137.11399778
   -157.0328042     8.72278822   82.79756802  -39.402261   -105.16115645
   -228.59958781 -281.76752752]
  [ 387.11481417  385.60177201  -54.27323112 -462.44444271  388.62783301
    -28.51225407 -408.90607178  650.84832925  879.12235342  859.27029635
    960.62025688  842.43217793  603.76315154  481.29775097  846.30006997
    725.36335603  874.26466391]]]