[[[ 209.426        61.61374489  126.05868217  138.8203405   357.23718683
    444.1652435   500.1768113   189.27854732  191.07416462  165.35243652
    169.98805857  356.44517848  697.58421682  932.97714022   28.21584526
   -281.04305822 -479.44641915]
  [   0.          -51.29224761   -4.61183073  114.64723901   51.29179666
     37.02225884  200.49384459  -62.05149482 -183.82124121 -301.0493906
   -313.79828028 -127.45972918  -91.76544105 -266.91256242 -164.66834438
   -190.01305464 -362.8643644 ]
  [ 409.96551596  404.98956515   -4.22953112 -387.63965788  414.94148999
     -5.47086232 -367.7768866   652.80989176  845.4821573   825.874783
    914.01943471  850.2773979   880.25675402  932.22224164  818.10764832
    851.43073569  938.09517384]]]