[[[ 300.575       158.17353572  130.29228125   30.8394306   442.9754401
    476.09992852  577.15350535  303.5574779   308.34918355  232.44400021
    232.45694619  454.10960403  604.74011117  754.24813831  167.02620382
     -8.77313135 -172.80137758]
  [   0.          -25.79104015  -45.3454533    96.02955085   25.79084662
     13.12636151  129.34732245  -74.49032512 -230.03861855 -330.78032732
   -368.27186105 -205.97769053 -132.61175464 -197.78480453 -190.47270642
    -92.3960393  -145.97163511]
  [ 397.10553664  404.41356887   27.15222659 -274.74823603  389.79759582
     13.82981974 -286.39910248  638.92586906  795.57933585  734.53693826
    836.18886355  771.5614839   540.52239902  282.08141534  766.14998059
    535.08666268  300.78847678]]]