[[[ 418.45        306.88705385  341.05622024  312.74706569  530.01230926
    543.02542353  518.15321013  386.98662288  406.28511502  425.53404035
    468.85888264  528.87279401  691.65694901  759.36659959  274.09440655
    143.67575608   80.88497533]
  [   0.          -48.76824852  -72.54926711   -6.65704439   48.76761778
     31.95893729   78.62600822  -72.13306887 -214.3095514  -323.47212737
   -358.5894133  -160.2732747   -96.56645392 -201.95993734 -217.03348147
   -239.23075481 -339.90483547]
  [ 396.69894472  390.5676724    24.3694507  -304.33399627  402.8301499
     43.00328164 -310.58188936  629.35938148  791.81921683  735.01404655
    833.14986355  782.62748016  619.37145306  439.94782676  755.61641455
    528.58611526  542.18934528]]]