[[[ 250.468       152.49893738  143.41229446  152.58837103  348.43635817
    392.35816791  416.49733203  243.59794421  278.33634768  242.57777805
    255.30943088  382.91801682  483.68026387  312.10866256  159.26988758
    -86.67298085 -101.95323075]
  [   0.          -52.65963172    3.81512072   77.465194     52.65903898
     97.75694802  220.01411382  -17.34886215  -93.08837949 -166.45408623
   -174.67622531  -62.36426054 -141.60132998 -242.10053131  -93.64909014
   -128.76754279 -200.94165226]
  [ 381.63613711  393.6086338   -33.15161018 -447.75087623  369.66373885
    -45.94867861 -414.53740478  649.44430566  878.21101959  860.81386806
    961.02101333  832.67040721  626.29967006  674.40675266  860.00726566
    857.94190334  877.18687037]]]