[[[ 347.673       253.88512241  295.92043631  253.73088318  441.4603422
    404.90997463  343.76337023  303.55040832  318.22801612  306.08416583
    325.46103225  417.6729377   490.30265504  568.58322551  211.44018332
    114.28239921  175.23377436]
  [   0.          -54.9556802   -47.22923981   28.70923904   54.95495757
     88.83849379  156.86773868  -54.0319376  -185.88746311 -280.74254335
   -319.44213845 -132.40621103  -51.98387822 -124.67660478 -191.82606195
   -198.20940382 -253.6372605 ]
  [ 445.42651714  439.7125827    47.80567855 -331.2301222   451.1403707
     67.6553216  -305.63333685  682.96164583  846.47307794  791.7744129
    890.50463934  828.86427815  599.54335158  311.74230964  803.24332043
    568.62979591  500.74542223]]]