[[[ 391.73        287.71723443  322.30646813  367.61270908  495.74199361
    506.59656811  478.27264612  321.48875958  246.11548201  203.01319719
    188.28794985  376.77911377  618.25634968  773.289612    148.92117855
     46.74915088  -88.6262507 ]
  [   0.          -29.14694217  -14.16736769   50.93560831   29.14662345
     27.76098858  104.94025402 -100.25431029 -262.89187744 -358.17795608
   -375.1063837  -237.16092402 -280.51462631 -417.7655458  -229.70006505
   -233.50476421 -363.02554496]
  [ 255.24242226  242.59767304 -123.69859237 -483.15352816  267.88710492
    -83.74980552 -486.64293791  461.85860347  598.86201331  561.58833291
    647.87237993  647.79440271  758.22535341  859.59486355  523.50957226
    342.92908485  410.24128674]]]