[[[ 477.21        370.1637941   436.35642823  517.20673335  584.25569379
    563.89615313  601.51492086  487.65738843  557.62858129  539.00676099
    583.52563643  669.23385798  777.76167457  825.4835291   423.77665767
    191.14066207  121.73922342]
  [   0.          -35.7657338   -58.512668    -18.79726508   35.76526455
    -28.66253247  -12.80359558  -53.89275543 -151.2497706  -242.88633572
   -240.66287181 -117.6516268  -174.71824205 -346.32268493 -148.59439154
   -211.43771066 -331.40829562]
  [ 296.2415451   301.29355091  -47.16971676 -394.33539708  291.18957688
    -64.10463965 -413.14512851  535.03433746  731.41005783  694.40806657
    799.75891452  680.416358    448.08103676  654.62265343  742.70246963
    668.43641661  836.13486355]]]