[[[ 300.481       164.94497774  210.07899845  175.26481063  436.01624847
    408.90170313  352.28411824  263.24804851  271.78313037  260.34471022
    287.48593966  418.03432967  723.28874035  927.55691759  121.04853596
   -172.55650907 -375.32420588]
  [   0.          -52.90175772  -36.80872424    3.66528618   52.90118518
     39.18101028  140.20240538  -72.75254408 -187.71365482 -290.37936018
   -299.90216655 -134.85309705 -162.58262886 -338.75372288 -172.41453737
   -220.60929255 -362.68280049]
  [ 113.03739394  112.73729704 -269.56641856 -673.04963851  113.33753216
   -272.96123207 -671.98645615  354.55753003  540.08699571  509.94084894
    598.84206837  546.39087251  710.59509413  879.36603245  526.22114766
    616.65004547  748.25889648]]]