[[[ 306.418       207.16593445  187.09845533  313.36593087  405.66939997
    371.26133687  439.58423345  312.06105227  346.40019993  268.44345786
    288.14887705  453.79353903  552.36191295  623.74564967  231.11788595
     -5.19683081 -153.79715223]
  [   0.           -8.79771158   21.81260624   77.92808473    8.79748663
     -5.43129532   39.90310489  -72.45761039 -213.60569963 -283.77115066
   -319.97645744 -199.3585741  -147.46473925 -207.02621107 -166.12393831
    -75.04761063 -113.52197701]
  [ 424.38637084  437.64077563   53.22980682 -316.1912612   411.13208516
     10.03798929 -356.71673197  670.34148734  831.01454949  767.65793198
    868.55810281  791.09121076  561.64611915  296.72692627  819.64767676
    712.43641985  569.6079293 ]]]