[[[ 285.815       168.86362237  216.90074527  260.43169761  402.76570997
    428.62506192  400.69011168  293.44288938  334.2205276   300.59198689
    314.87386516  458.77316849  594.63288679  538.66525898  199.11129322
     56.48029804  157.25963446]
  [   0.          -43.89450988  -98.53476788   -9.61536919   43.89402391
     -8.15142797   60.23328668  -58.3300555  -194.9992226  -299.26558582
   -324.77183077 -159.20529782 -138.5617473  -256.58589473 -190.67408431
   -233.48508048 -317.77250538]
  [ 342.28350002  344.89842469  -14.32581708 -337.83936406  339.66857682
     -3.10957054 -326.63196268  589.94435216  764.62434367  716.66662223
    815.50486355  736.8604445   506.36858357  213.01343287  736.84612901
    535.31500519  517.72623617]]]