[[[ 374.26        239.22167784  176.53376916   80.1176742   509.29736643
    579.70448498  640.89227224  338.2931529   339.3224114   323.95405178
    341.66423121  480.97344664  767.02913302  923.07209773  197.86384253
    -10.5031303  -143.85454916]
  [   0.          -50.40065001  -24.08864747   55.54772351   50.4002042
     56.38128827  198.28597895  -51.38424283 -134.6438451  -238.49047712
   -234.77648865  -86.16352222 -135.14041033 -345.27961514 -132.5303467
   -259.43155531 -421.439747  ]
  [  30.84981031   29.93056294 -358.45673739 -747.19038166   31.76908096
   -358.37353548 -728.53076257  273.02942285  486.43161665  488.82884603
    567.2975748   488.82091212  654.56082164  844.71539617  466.25396954
    640.77313969  891.88519197]]]