[[[ 380.09        280.05676295  235.33358143  388.02564423  480.1226396
    488.06042039  471.90151352  393.45390541  431.2102278   401.36290424
    429.59596344  534.37429805  631.90306265  645.49750452  320.09065464
    177.17971866  164.91030124]
  [   0.          -15.13697032   18.73989107  213.27999524   15.13665585
    -27.99816344   25.6510096   -83.89605871 -226.85399339 -314.33374188
   -354.22972299 -206.32226708 -184.43834699 -247.80813658 -203.33050517
   -158.88660648 -206.92311519]
  [ 410.18990138  421.66860683   69.41386109 -191.48160253  398.71125631
     16.66353759 -334.85572253  649.90530596  813.74285288  759.949696
    862.54786355  776.6070621   540.39419755  267.25786594  792.00157208
    551.45398001  259.52555164]]]