[[[ 391.75        259.65158903  310.65016594  312.24842107  523.84751162
    528.44713602  503.4097185   354.49544757  344.31698238  317.37257188
    334.0460232   489.62826574  697.6792505   953.26527601  203.19113181
      9.35827469 -211.69755437]
  [   0.          -42.84671965  -39.65471545   39.10927387   42.84620949
     54.33795581  148.01646651  -80.68199308 -234.4153368  -347.65191607
   -379.64350122 -184.72582623  -92.11222678 -181.29324682 -212.20144789
   -161.99930007 -243.03446675]
  [ 427.59695785  420.04885529   35.70019774 -315.45224457  435.14502025
     56.94114919 -301.45314892  659.33674863  811.13093944  748.25595316
    848.04149777  813.03679626  673.21468192  531.08303038  774.8781523
    586.9931125   487.08662391]]]