[[[ 421.3         308.51379684  362.67708357  324.04717769  534.0852821
    565.1046481   555.00766899  363.19195146  357.40855376  315.7280711
    352.19256055  485.27446003  671.61780647  682.30636204  229.17708262
    -36.82612129 -105.02518929]
  [   0.          -28.89930065  -60.3940276    -1.28616909   28.89877819
     27.7067912   122.79666073  -62.13317012 -194.42955647 -302.30522403
   -330.80960594 -172.72935133 -138.35618637 -208.05317195 -159.34229439
   -202.10862139 -355.04896301]
  [ 397.24053881  390.81434073   20.77080494 -354.14289953  403.66666281
     37.44799736 -338.84250722  623.17958993  786.49918386  738.11502089
    831.06346413  765.5276649   569.86714443  286.79491129  769.96740098
    707.78464857  865.29143834]]]