[[[ 3.24189000e+02  2.30429441e+02  2.61895858e+02  2.91231144e+02
    4.17948090e+02  4.54110541e+02  4.58915171e+02  3.05348111e+02
    3.21552029e+02  2.92372460e+02  2.94389166e+02  4.19077124e+02
    4.60229233e+02  4.04793849e+02  2.14756366e+02  1.05267965e+02
    1.38224630e+02]
  [ 0.00000000e+00 -6.11423647e+01 -2.90312473e+01  2.00889062e+01
    6.11418352e+01  7.26059590e+01  1.45360852e+02 -3.88840920e+01
   -1.41430146e+02 -2.23209240e+02 -2.31634713e+02 -1.02638630e+02
   -1.85260639e+02 -2.93431496e+02 -1.56558552e+02 -2.37710080e+02
   -3.01641580e+02]
  [ 3.92213539e+02  3.93203708e+02 -3.37768009e+00 -4.03694587e+02
    3.91223382e+02  1.12572344e-01 -3.89376120e+02  6.42187409e+02
    8.53575889e+02  8.33507411e+02  9.30562126e+02  8.43981478e+02
    7.50604187e+02  7.41808993e+02  8.02586742e+02  6.82065237e+02
    7.66268919e+02]]]