[[[ 365.27        235.74204301  222.967559    161.69030514  494.79692713
    620.88740345  769.03345194  382.38148973  421.63223853  431.39030877
    470.39094594  554.96578197  694.12629905  711.38945332  271.97837673
     70.0095617   -93.57598501]
  [   0.          -47.20458164  -50.32608727   55.58560175   47.20414133
     15.06817626   85.50622639  -91.43775024 -249.85947861 -357.02281388
   -404.48807057 -202.91696959 -127.98098747 -180.6898975  -238.26540479
   -186.68579085 -207.59346873]
  [ 409.87795785  410.21006891   27.53131803 -311.77975927  409.54585085
     38.53941553 -314.23009792  648.77263487  792.08715485  732.50275188
    825.16366243  786.3132362   593.00116335  301.15124878  751.71803398
    561.28869592  351.65558005]]]