[[[ 321.198       210.35320604  227.04523574  260.36046304  432.04220077
    449.45029244  438.65405099  326.05825065  368.17967798  355.60649419
    374.83089892  485.76084185  664.29520864  813.99397667  240.73374475
     62.46154711  -40.61742825]
  [   0.          -41.62235914  -56.30951147   13.1572318    41.62189925
     10.84697451   60.52353871  -88.33518393 -224.16044674 -315.6835734
   -334.36512414 -174.62464292 -178.86688911 -321.61307168 -218.89891197
   -197.45877077 -266.70316884]
  [ 352.3347259   355.41271368   -9.34457102 -349.01331218  349.25677013
    -14.5567852  -363.08183461  582.30143465  758.20775969  715.708748
    818.43386355  731.85006924  598.7966915   649.90404114  743.94408033
    577.42413463  489.46753696]]]