[[[ 226.961        90.07537853  150.77552892   91.40429838  363.84574758
    431.19276663  304.47578255  176.27003059  137.19749916  151.27009512
    160.44322189  297.93310465  608.43320948  849.74189211  -11.34819694
   -243.75948996 -330.82949619]
  [   0.          -56.30841814  -88.45323681   14.76012931   56.30785615
     53.10740811  280.75134509  -86.5666277  -253.86387248 -379.01954633
   -407.50874085 -190.62328047 -113.37390426 -287.70069043 -234.38394549
   -211.36211462 -369.16497883]
  [ 315.09246256  292.44464302  -93.86259514 -387.71671012  337.74014777
    -10.05258911 -297.71773424  544.22431347  694.94666143  649.19307069
    745.59468168  742.97357599  749.92004645  862.61086355  621.53766988
    368.43519687  403.52991996]]]