[[[ 503.6         412.41274963  346.69646336  361.0468563   594.78669684
    585.2085434   595.9744627   513.65189775  560.16873583  568.34321765
    599.26033156  656.83305881  760.66118922  829.37121369  449.10045348
    291.13855893  257.64349028]
  [   0.          -27.96192029  -40.37691659   58.76483624   27.96149827
      5.78899591   16.47678789  -86.0497042  -217.69642379 -300.74549155
   -321.63309118 -177.2834369  -226.84720401 -349.2754525  -216.79480635
   -190.49221724 -202.37878474]
  [ 420.48316434  429.00931444   98.48835619 -283.66466721  411.95705338
     61.64823433 -343.91990144  639.21996062  813.88606156  776.494179
    878.34306578  775.44048285  631.80997032  783.5138957   797.6649244
    591.47599508  381.60489994]]]