[[[ 7.21290000e+02  6.29592504e+02  7.86602742e+02  9.63148111e+02
    8.12986795e+02  8.27031430e+02  9.81538076e+02  6.67295020e+02
    6.08306649e+02  5.52051918e+02  5.60446537e+02  7.47515080e+02
    1.04783345e+03  1.28008812e+03  5.08787490e+02  3.40391147e+02
    8.74779410e+01]
  [ 0.00000000e+00 -3.62739893e+00 -5.29172023e+01 -6.02162079e-01
    3.62725567e+00 -1.05764504e+01  7.49221488e+01 -1.18995918e+02
   -2.79803634e+02 -3.79964277e+02 -3.94366472e+02 -2.73997440e+02
   -3.00857291e+02 -4.18152531e+02 -2.25717913e+02 -1.92007927e+02
   -2.71654436e+02]
  [ 3.80325958e+02  3.56512356e+02  6.99478717e+01 -1.98017215e+02
    4.04139387e+02  1.24521705e+02 -1.53851121e+02  5.58969744e+02
    6.62422114e+02  5.87840551e+02  6.81108127e+02  6.93084376e+02
    6.32123391e+02  4.48453039e+02  6.13544972e+02  4.58000265e+02
    3.94377864e+02]]]