[[[ 300.547       191.18138784  186.2343351   171.09496556  409.91198122
    437.49296478  444.02605683  278.07684755  291.35895092  285.18552468
    298.08857189  409.70232232  579.87881924  634.148586    169.15378696
     26.48189032    6.31720864]
  [   0.          -56.98383475  -27.63619234   37.43386617   56.98330341
     74.57063007  158.0174995   -48.35722607 -157.60923686 -250.47678513
   -264.0779738  -107.25093392 -135.33487779 -295.85699278 -166.23588095
   -214.75657072 -308.44897966]
  [ 368.9927721   369.06043733  -27.87285025 -410.50703966  368.92510817
    -18.65707338 -393.0355069   614.05666181  816.2496      795.31687921
    893.45181176  800.68172538  662.46495784  729.42329999  776.84513739
    644.17220688  682.48271085]]]