[[[ 406.5         289.73410993  247.71703693  161.09129927  523.26491989
    605.62740743  703.22598061  375.09921749  369.5867576   340.63372488
    355.34071119  492.22700132  658.46457065  779.66467278  250.04845765
     80.78875068  -61.30560936]
  [   0.          -30.30807496  -52.07226128   44.83824393   30.30773657
      8.21424873   77.3432612   -82.15085358 -228.06876856 -326.38328123
   -357.17275785 -190.53312987 -147.27545076 -241.43945244 -208.79154856
   -173.11637016 -266.33067077]
  [ 427.57695785  426.2528416    61.37115139 -284.83885255  428.90106582
     65.72017326 -299.77337895  647.06151923  813.39046476  765.47923501
    862.06194348  795.88344811  618.00096257  481.27674542  782.53466812
    583.15905238  487.47350964]]]