[[[ 321.172       197.36787792  217.19825023  213.1674345   444.97530969
    448.63432172  432.69294748  303.23990079  327.46725206  302.20892893
    319.16585663  462.04868515  697.29609344  833.95664947  186.16608897
    -62.33455109 -205.61493054]
  [   0.          -57.31891702   -4.48236397   38.64812433   57.31829305
    101.60009904  215.84249363  -61.42681183 -184.60148929 -281.44229824
   -302.4891716  -130.37998484 -125.53913221 -246.7438213  -176.07812242
   -204.44181912 -307.76023547]
  [ 454.53485777  454.98064572   41.24141605 -381.10692759  454.08909587
     44.73769064 -343.84089115  704.23583848  894.5439569   870.60695376
    964.26578536  882.38695822  894.94409443  845.78511347  873.9568625
    918.943812    954.04318463]]]