[[[ 274.184       174.17535295  138.70208556  -46.79063771  374.19202334
    519.39148665  644.16419193  214.7199275   217.47756971  256.88302837
    251.11949441  334.55880425  604.23535463  832.84385967  111.68311852
    115.52617448  303.12967265]
  [   0.          -94.11016108  -52.0678306    21.82501943   94.10925118
    106.87684118  174.3289356   -75.24603015 -205.50605287 -296.01231737
   -340.28120584 -114.96532192  -59.04717068 -256.04278616 -257.98661611
   -373.22431963 -417.36091745]
  [ 420.97587271  406.4798452   -11.13796445 -369.31898939  435.47181692
     21.32817587 -351.18470296  675.54752122  838.1906261   791.33198295
    883.7098621   863.15419034  809.23598681  696.83190108  764.51274123
    509.96375694  548.6874885 ]]]