[[[ 391.73        269.1849442   312.52735571  327.28020648  514.27432979
    503.54688245  481.37316397  372.74025564  370.76654575  299.68172688
    306.6916054   506.22416797  628.17858489  674.12581998  235.15176567
     27.56923412  -59.1592822 ]
  [   0.          -38.53676974  -53.14000582   22.6239892    38.53633631
     30.36160865  116.46440465  -62.64048513 -205.30746552 -305.78721661
   -339.566384   -180.22910771 -123.26791152 -196.67711361 -172.58491772
   -128.10108459 -218.78085384]
  [ 414.86555128  413.29647067   43.38234137 -293.31811986  416.43461559
     62.69044852 -280.25804394  661.63452433  820.96079983  752.95437531
    853.70286355  813.43544377  601.39304542  296.88473439  785.5970124
    586.86563056  479.56335614]]]