[[[ 485.86        381.36265428  249.98819295  296.80633822  590.35631361
    603.86460464  651.86709948  489.55508712  473.43067665  429.55365756
    445.12789464  586.84118919  699.11224684  649.57783347  369.53295053
    278.35843238  215.30123952]
  [   0.            7.24989207  -20.0713881    80.6458303    -7.24986399
    -38.55182049   -3.46177179  -83.15538304 -245.7686468  -338.2905378
   -379.38984908 -245.93420731 -258.1383588  -329.17920861 -201.65100898
   -153.7236407  -198.35279979]
  [ 424.64895785  439.04355293  130.46243593 -251.89996718  410.25446272
     54.44005517 -321.15692934  643.22023582  791.14103854  742.39078348
    839.36006671  764.93949526  554.55887254  315.3716443   749.04027224
    499.21597156  264.93689159]]]