[[[ 315.266       210.23842489  132.11037556   -1.32942226  420.29291614
    510.92084162  591.65179464  278.87219953  280.4487344   285.06139395
    296.53881818  387.76598395  597.73325102  569.76731455  174.11565229
     98.05672264  122.8830518 ]
  [   0.          -64.30956398  -37.2374176    25.90620471   64.30896874
     77.6108472   176.73358259  -43.2768668  -114.66719184 -197.32068445
   -192.7284592   -63.74608043 -153.46562324 -316.88701128 -139.99771041
   -333.86137947 -396.66801678]
  [  58.65664811   56.55741212 -319.70983588 -715.84762028   60.75589961
   -322.81089878 -706.36951385  305.7303557   526.31871257  540.72650017
    621.03222552  526.64602666  681.23883662  696.58153205  486.59148941
    670.40824705  864.84726839]]]