[[[ 438.91        554.1475249   774.20690155  753.80274543  323.6737669
    383.20186292  367.06470283  377.82510169  429.4453895   483.51694672
    492.5674689   328.48228069  287.09276757  356.48914792  511.33992751
    585.39580318  743.44344579]
  [   0.         -119.18659526   43.2122331   -41.9162742   119.18549733
    187.91840607    5.54040373  -56.69710425  -81.73345867  -17.20043709
    -80.12780956   10.45931829  120.61134993   43.8925274  -177.37068847
   -258.80230111 -167.84702093]
  [ 106.05514622   86.29699891 -312.99689615 -724.4380627   125.81317492
   -314.11735544 -776.1673025   365.80822007  565.10920317  586.22907924
    669.83885363  617.98059282  849.22148767  999.12144872  453.22101656
    163.61820263 -125.74907503]]]