[[[ 344.704       209.49711158  223.37517082  234.2665853   479.90991853
    449.31122829  415.9386346   318.1648346   327.81746512  289.39421032
    316.0808031   469.7090633   713.41337356  928.39498561  183.81089409
    -96.29553967 -283.65477674]
  [   0.          -28.4223998   -35.90125589   28.74149531   28.42201616
     19.6936316   132.23005906  -92.92162157 -245.90212506 -357.28557281
   -383.14450028 -205.80453319 -154.26836897 -276.35325431 -209.52677017
   -211.71818511 -368.03485911]
  [ 432.7612602   434.15909184   64.29299036 -330.78885825  431.36344977
     44.21092275 -327.6427555   655.37204144  813.20332075  756.58043973
    850.92782096  799.60995851  674.43652337  615.01785197  808.31527981
    772.50254165  877.44711844]]]