[[[ 300.503       153.78029458  128.48836757   38.33076926  447.22460377
    475.04319591  588.83104284  307.18227971  314.71802882  236.36068193
    238.19320147  464.17152868  620.36796726  793.77909918  169.33060053
    -10.98275613 -201.5043018 ]
  [   0.          -21.28230238  -40.79415987   99.54740239   21.28215649
      1.93363608  119.80909506  -78.02624757 -236.59215497 -339.9633467
   -376.82721408 -213.82560786 -131.11888006 -188.32831764 -192.28453859
    -89.71883269 -149.14118481]
  [ 401.11895785  408.45180789   35.61668594 -273.33880511  393.78620319
     12.46436576 -284.38973275  641.10787927  794.4007821   733.19084613
    834.01005068  772.46929897  550.58834719  291.51926859  766.18199003
    541.94756269  347.09685034]]]