[[[ 583.24        501.37287594  571.3744854   595.19756268  665.10661715
    750.37010057  836.65847673  579.99528984  597.52481786  557.37541749
    588.7813885   695.41254134  792.50124478  790.03592167  497.93835768
    338.61967556  160.3497075 ]
  [   0.          -23.26059692  -72.00511467   -9.3549286    23.26034458
     -7.19271661   25.78615489  -88.02730852 -225.6215262  -306.40942159
   -330.55379889 -211.79064106 -216.13252059 -290.89784544 -196.52288987
   -167.83066242 -216.28015175]
  [ 371.57095785  364.76167695   58.26515116 -235.4521084   378.38019728
     80.52394998 -232.3117116   585.74294572  738.23030359  681.42042743
    781.70963566  716.47908291  511.1240473   240.77672542  712.52467951
    571.16248288  502.25075811]]]