[[[ 291.77        210.80424544  300.37552268   88.64288039  372.7353122
    533.31356652  542.70986938  153.33005426   88.36407423  139.05570951
    125.08185769  200.02342735  466.92972714  690.72229795    4.75125409
      9.34705727  199.44119345]
  [   0.          -97.62931751  -83.51632471  -30.98406995   97.6283009
    118.83950856  187.39389513  -52.95094163 -157.88558145 -245.1390809
   -263.68596683  -74.59611666  -65.94226431 -279.92238389 -216.17633281
   -349.69695564 -443.86191612]
  [ 386.94375436  357.17440865  -35.8838444  -352.35832666  416.71289228
     39.77402654 -351.70826194  598.90080109  762.39278352  737.70615548
    830.22686355  774.36751681  747.78433815  695.17287085  689.90863575
    470.64626836  452.5603996 ]]]