[[[ 388.85        324.77870676  498.04225685  700.80420729  452.92136312
    251.18664616  276.73790781  386.30927848  438.5530253   401.91570074
    461.33187276  515.17472182  614.24951624  671.82584648  353.79339965
    184.52339859   22.25176552]
  [   0.           -6.9421645    24.3610697    51.29894138    6.94188764
     22.91042534   66.83132628  -75.47580229 -191.57000777 -246.10793454
   -272.6278612  -175.07365777 -150.70369704 -178.37147    -156.90416924
   -114.09759631 -184.29010011]
  [ 359.72695785  358.05975459   -2.51616546 -316.30205048  361.3941216
     44.37444824 -319.01508648  569.80930891  710.28022689  671.58053974
    766.8951466   683.52059389  482.36593193  224.75734866  687.01831532
    590.52284222  634.25789852]]]