[[[ 371.09        282.78509276  337.17590158  169.35731473  459.39417878
    676.21955512  643.38073503  269.73268573  220.21060339  242.01372773
    247.22236293  332.96801269  528.26368219  581.97270932  127.45902886
    103.60275774   77.14221578]
  [   0.          -60.0614424  -146.83721467  -64.6447995    60.06076371
     20.51374292   96.09298155  -92.65953013 -246.90774841 -345.45033107
   -379.08253975 -200.26447118 -177.48794574 -271.71751225 -253.29166451
   -320.3057399  -441.93982729]
  [ 350.94895785  318.73761493  -39.56912735 -269.61802092  383.16005834
     78.78718664 -274.58534903  542.53571373  679.5328139   634.5455137
    729.08690481  695.02406225  559.233502    322.94531083  610.43881122
    368.61540427  474.1464113 ]]]