[[[ 612.59        500.96175768  454.13942259  403.36589561  724.21734107
    790.04658857  861.66248546  659.50203635  694.69920598  670.71321851
    685.36173961  821.10930226 1017.42630925  984.7447237   568.56880111
    393.0147393   247.48019311]
  [   0.          -19.27085853  -47.35420744   77.96537274   19.27065083
     -2.15916842   66.07489485  -99.31270237 -239.3327035  -335.4692013
   -353.63044335 -217.60768329 -359.32958735 -468.3385641  -216.41681634
   -177.35737688 -200.13924809]
  [ 342.868126    351.95908003    9.0194492  -334.71726216  333.77726206
    -14.87997718 -383.08255242  553.75168423  720.21784877  693.25521689
    790.26441084  706.25499337  760.82931104  880.14386355  699.19211148
    536.3658834   382.40062777]]]