[[[ 297.677       152.89401428  113.89858602  138.36986069  442.45876315
    580.73349086  502.30651206  250.55319032  230.58915886  195.94638082
    193.70429231  386.20060127  673.23186456  823.89580406   79.11896438
   -216.93311912 -306.79892781]
  [   0.          -61.91420148  -57.65931371   30.40837414   61.91370213
     18.73542894  171.45110973  -50.60935015 -149.80879361 -265.82201868
   -264.85928431 -102.51408236 -168.4924137  -374.20813635 -138.21724509
   -258.81075486 -444.67962301]
  [  44.85894373   40.93273092 -342.01572069 -742.03097237   48.78518081
   -327.91620329 -707.70971471  293.6517407   496.59404505  481.75283775
    563.97648947  518.81150084  723.47413886  900.91291611  462.16638959
    631.46222264  867.60771124]]]