[[[ 226.83        118.69574912  155.09944096  127.29235746  334.96363357
    339.57484106  356.18858748  216.47174907  238.04776523  227.11187387
    232.78285373  358.32314211  557.87329661  619.39497673  113.58916305
    -41.83187556  -12.51721638]
  [   0.          -50.30292974  -34.24115658   33.50273303   50.30243267
     45.66570615  117.10915938  -69.92621328 -209.96996256 -303.12686828
   -321.91185778 -160.21069322 -180.03745597 -322.83920375 -212.07287305
   -269.56227526 -382.49626619]
  [ 386.26589913  387.62097534   -4.3431016  -385.79708079  384.91082589
     -8.47941226 -388.94621232  624.57409013  809.62977807  784.71585967
    883.29911145  795.98137918  659.14257017  632.94422165  769.10992864
    585.47288428  617.89153742]]]