[[[ 344.695       270.4198846   118.76321504  213.94540711  418.96984323
    354.88790762  629.86692216  317.24033021  239.36939892  152.10363499
    165.52958     333.647074    458.42131276  446.36688702  180.40828936
    182.07424839   50.01958209]
  [   0.           49.90515582    3.51834594  138.90244789  -49.9046897
    -72.60781677   54.36228816  -68.38198363 -155.18305424 -217.08236629
   -220.56672821 -213.93690726 -244.24030556 -277.49999756  -79.80402957
    -18.5133407   -83.38052768]
  [ 113.21026628  123.21810171 -100.08990509    3.45834081  103.20243821
   -130.59409891   17.54527327  289.53447432  451.48818699  451.55229769
    550.48786355  434.3005286   217.67291802  -55.59223395  407.92286828
    161.69924323  -25.53843198]]]