[[[ 474.22        362.0214623   380.93702973  375.11962508  586.41775199
    620.95547562  628.31748119  480.4365718   549.21545368  523.92166385
    596.81059342  660.16405674  776.46159821  703.22656119  411.59254055
    143.16701834   15.44312782]
  [   0.          -25.52678725  -64.04329147  -16.41837265   25.52629508
      9.80228959  102.46147562  -48.31630967 -142.9568341  -234.66222844
   -253.12132954 -127.28883807 -110.00129419 -220.82415635 -119.95897593
   -200.52551897 -334.09220446]
  [ -54.18447251  -44.45896006 -400.9647129  -791.06983921  -63.90994678
   -419.99228245 -761.66102812  198.83401574  397.56945322  369.80665277
    456.55791358  332.67092876   90.48153896 -192.8203268   429.04621663
    612.36356161  850.82486355]]]