[[[ 509.49        392.77306555  254.67902447  141.67128577  626.20583256
    657.14306952  629.66203801  558.43177074  602.949502    559.34359223
    587.94920046  729.70327909  951.19476338  802.1300476   475.13192583
    292.98385636  233.16587328]
  [   0.           -8.38671955 -117.58189561  -27.80589788    8.38650345
    -32.93213434   71.07210048  -93.54181942 -253.14739564 -353.2988287
   -386.57454412 -243.82702854 -312.90654346 -400.09913629 -213.97729881
   -180.48004989 -209.71671382]
  [ 377.45495785  395.15077958  108.01289919 -240.1545122   359.75929473
     62.80858279 -260.01383836  593.36717267  755.05366359  712.80403679
    811.47490079  701.86323609  537.93049347  382.92376241  757.74922237
    615.10834522  401.6423672 ]]]