[[[ 344.837       229.67558459  270.14284601  321.2581568   459.99766557
    473.71233927  469.91576809  309.67643818  295.59619944  266.92507252
    274.27973271  427.10203662  630.36517686  801.91982489  169.86943969
    -39.10686889 -166.48407127]
  [   0.          -39.89453516  -19.79500566   46.40738007   39.89412412
     38.13130875  133.41113972  -79.81366256 -219.16270091 -319.80082353
   -339.80859555 -177.11539419 -158.53361812 -298.98762897 -196.59808714
   -189.138254   -318.74993254]
  [ 481.17332866  474.67025754   80.78740408 -308.3629782   487.67638
     95.67740639 -302.40862246  709.9670778   881.33842912  835.04419595
    929.92530687  892.22558694  826.99717972  901.1291714   838.31040711
    706.95712276  799.16770525]]]