[[[ 415.2         334.70491369  231.32654578  163.13009303  495.69448164
    647.52753175  853.09436379  394.24126168  371.30298137  299.63601006
    288.75278744  465.22137459  570.31923962  576.56533525  290.70138437
    149.99010283   41.09199821]
  [   0.          -27.35295778  -61.3670103   -24.03420161   27.35277035
    -20.75730373   20.8097625   -56.80229535 -148.49000382 -204.97014519
   -223.96102998 -140.82765333 -183.15866614 -270.95450065 -126.65046294
   -107.54683977 -196.37772946]
  [ 334.59820735  335.2180689     2.03401998 -316.97330524  333.97838814
     29.53009597 -301.39424786  568.86074007  759.67672516  708.54822479
    809.64386355  752.47412127  553.4261524   560.34541484  715.5946307
    513.90629042  586.92505935]]]