[[[ 397.68        276.49986762  332.02094911  347.45359958  518.85945377
    512.82993643  483.11386211  376.91477263  392.15878735  333.50420548
    351.9779362   523.45975408  643.71786532  665.37167425  255.97744467
     50.26596172  -22.44537172]
  [   0.          -41.61545286  -61.64896844   18.36030368   41.61488503
     20.11220879   88.97954036  -65.66953214 -207.76948582 -309.32289154
   -345.48217185 -179.52464399 -131.90836788 -221.05544548 -181.72154274
   -145.97491512 -224.35858959]
  [ 415.67795785  416.14468581   48.71397555 -286.92977275  415.21122735
     57.5272529  -279.31026592  660.95791449  820.92035639  746.60677158
    847.99320702  801.12082833  579.08400859  267.17828348  801.11879576
    612.52580559  476.02914618]]]