[[[ 4.35990000e+02  3.33049520e+02  3.88266633e+02  3.51051019e+02
    5.38929886e+02  5.08130623e+02  4.49725205e+02  3.77282436e+02
    3.47619093e+02  3.12096622e+02  3.32130602e+02  4.65293011e+02
    5.84108221e+02  5.47900478e+02  2.35873860e+02  7.31451408e+01
   -1.48519742e-01]
  [ 0.00000000e+00 -3.03892055e+01 -6.41028692e+01 -2.66560490e+01
    3.03887716e+01  2.75588778e+00  3.94176899e+01 -7.78928445e+01
   -2.17308706e+02 -3.18255635e+02 -3.40506883e+02 -1.98729882e+02
   -2.52989345e+02 -3.47300720e+02 -1.91361693e+02 -2.12951545e+02
   -3.36690260e+02]
  [ 3.80388958e+02  3.74021654e+02  3.62236619e+01 -2.98574163e+02
    3.86756217e+02  5.45965462e+01 -3.11558138e+02  5.92670750e+02
    7.47848155e+02  6.96995942e+02  7.95680824e+02  7.47561593e+02
    6.34927474e+02  5.85199687e+02  7.09698574e+02  5.17330853e+02
    5.55935863e+02]]]