[[[ 465.36        350.62405898  316.56920073  268.12885399  580.09507482
    622.23992335  671.06937874  442.32264176  442.16169698  409.46104428
    427.67510283  569.238046    796.76308456 1003.3869593   318.33724192
    105.48549639  -78.23182197]
  [   0.          -29.44503543  -73.07598308   -6.30160569   29.44468043
      2.39054496   61.00314673 -102.24378575 -252.90831886 -349.53806081
   -378.30577413 -217.60030658 -190.52617008 -312.47148616 -224.26300633
   -213.19885457 -326.44117804]
  [ 374.55895785  369.91914429   29.07895571 -288.42685486  379.19875776
     48.43961256 -289.6409776   593.49244356  745.67462399  685.60611504
    782.90146831  744.25076838  640.45497249  590.97023966  721.71824924
    598.29424063  577.27567422]]]