[[[ 489.06        374.31891131  399.47064165  413.68503784  603.80028846
    580.10103496  554.55917337  467.24388574  464.96446397  433.50172304
    452.92374104  595.59664154  829.0632529   948.39117502  342.02839217
    168.9780561    54.21155749]
  [   0.          -18.4235741   -83.95499954  -30.09269911   18.42321473
    -23.32966373   20.29959384 -120.35998242 -294.908852   -399.69143359
   -421.99140068 -267.50313725 -307.01508698 -433.40477235 -261.43047605
   -277.40908185 -387.29167689]
  [ 380.44695785  379.75591027   64.38002636 -279.65526066  381.13798324
     57.7412124  -295.97063375  582.34664559  720.68084198  666.88729802
    762.30482518  716.70694872  655.14420003  590.38395269  699.02261068
    577.36461985  541.4479978 ]]]