[[[ 279.919       156.0997913   192.72453096  327.12566478  403.73738303
    436.0383903   481.93101566  270.87914918  267.71949131  263.92326025
    280.35129148  408.34994284  666.17976181  743.15906067  136.65912092
     -7.00752261 -193.03804649]
  [   0.          -27.79772431   -1.42073172   78.81808329   27.79740042
      5.00013287   77.29220582  -76.9108035  -220.96371167 -320.39941613
   -341.32255485 -186.92562559 -226.82857421 -363.46236589 -198.87549373
   -155.04892872 -190.64083628]
  [ 458.94062209  460.98461559   71.98804296 -286.03485894  456.89668634
     62.11270645 -332.30735065  692.70042388  863.14253347  829.52242207
    922.75897274  861.58347248  823.63409142  882.27275892  820.07125389
    604.09876945  492.08736289]]]