[[[ 347.689       396.7743059   434.20441543  290.644353    298.60417917
    360.1995052   310.87357901  238.84263243  198.86737346  281.67495393
    299.45892084  153.53174927   78.05387012  155.12522872  244.46210577
    466.8063386   572.06164647]
  [   0.         -109.26396006  -35.64122714 -138.9495489   109.26282442
    256.90018022  192.76308732  -14.64829827  -22.76093149   -3.48534136
    -50.1755474    56.79601083  125.46214176   87.01897713 -129.88376288
   -298.11041694 -219.01970409]
  [ 309.18053581  294.81213407 -127.34249025 -544.25203641  323.54882025
    -77.24965953 -500.62956499  547.12766371  776.21025275  768.59531673
    858.31091556  755.37161838  612.1858887   548.58967955  727.81142753
    722.67912532  946.81457221]]]