[[[ 491.95        385.84752625  257.2975358    58.34009625  598.05168325
    563.19830148  598.5506225   449.64297809  408.93393413  364.338181
    381.74054687  527.51301639  661.59125168  579.00675793  303.42257735
    150.37357692   68.38027245]
  [   0.           -2.98533031  -92.17556959  -81.58063902    2.98512921
    -18.14083077   31.76113811  -84.43422509 -217.38062008 -308.72249317
   -329.64080397 -224.69536661 -349.38151145 -445.08337572 -171.94924314
   -147.32750276 -251.92778215]
  [ 353.21340671  355.72086699   41.35938204 -260.02830781  350.70597869
     53.07311484 -296.0632952   560.40783232  726.38976568  689.21239916
    782.54401837  714.16052842  608.66075321  788.96786355  691.94297342
    483.63998621  411.33321128]]]