[[[ 380.04        252.45190791  266.73296972  286.7186594   507.62732409
    527.75846658  531.3555047   368.15803124  399.70393102  383.46593165
    414.16598738  534.27853447  755.59675116  899.7153701   256.63245883
     40.03811303  -99.05584312]
  [   0.          -40.37400156  -45.8142966    21.03598034   40.37358775
      7.37249366   88.52903383  -74.7718312  -186.90176716 -291.76515005
   -298.13365396 -145.06407031 -174.27062024 -342.64602945 -176.21056877
   -256.09552513 -389.35374151]
  [ 205.58778792  208.41798768 -153.69803855 -514.40714231  202.7576195
   -161.63175529 -509.4282057   442.08486098  633.73035026  598.28463509
    692.88450033  615.56229584  594.34926401  681.49336136  631.6770166
    705.40290275  839.09686355]]]