[[[ 297.746       183.01940397  103.51998326    8.82722121  412.47190147
    495.36564981  561.92541688  269.46277313  276.56881149  272.33611429
    286.10304749  397.54257586  678.63516493  755.17640325  157.87792262
     36.09024535    1.48683347]
  [   0.          -49.71840486  -32.38241089   48.87790627   49.71795868
     33.97843921  136.12199678  -39.15477383 -101.03327706 -189.93489043
   -177.26102647  -50.953777   -114.02093133 -324.47235334 -116.98544064
   -290.94408727 -396.39055987]
  [ -21.18728423  -18.45513774 -364.34622897 -754.03078831  -23.91939391
   -397.39793463 -760.05521467  223.25513388  451.9751271   471.4431156
    553.24072116  429.77815673  468.78725619  620.97321205  432.92327804
    614.40838137  833.05086355]]]