[[[ 391.93        254.59740274  258.91025723  327.23809107  529.26185281
    543.06086028  537.41556587  432.3116707   500.93774085  451.43082756
    470.77338362  649.15424255  939.82767315 1004.17981608  343.82733952
     27.37975104 -115.09333478]
  [   0.          -30.44783763  -38.28378036   59.00528267   30.44754594
    -19.53792024   96.107973    -85.32154613 -190.67767178 -289.41774925
   -286.32901461 -160.10114029 -268.42432756 -448.27405291 -164.17330066
   -226.95105636 -387.83016234]
  [  -5.12925894    6.4593883  -364.11836571 -735.10817293  -16.71777246
   -390.73424046 -761.87994776  230.26838231  420.19924444  384.89972069
    479.41493952  391.32463944  432.74722988  666.49222985  445.55020529
    615.75891998  855.97968883]]]