[[[ 356.441       272.2786439   307.94413634  156.70672004  440.60299447
    522.0235879   553.08806115  289.05523407  275.7303603   332.03952694
    326.50764106  382.02051621  659.21882621  845.37414896  192.6786575
    338.87247392  565.64889054]
  [   0.          -95.01626232  -16.20217075   88.04769956   95.01529536
    139.19686718  190.54815925  -59.56220668 -160.91117065 -250.71190795
   -273.22125402  -71.61514136  -71.31940848 -291.90110667 -235.04527731
   -426.46774349 -475.98731927]
  [ 398.08384522  380.6372857   -25.40934642 -378.94362064  415.53023999
     -9.67442949 -386.64795315  640.27158057  829.9460074   809.42696594
    904.50979837  835.47950677  759.8885867   662.0701061   760.10048871
    616.74247718  618.9684604 ]]]