[[[ 253.64        149.52815506  183.93650298  184.55413388  357.75095362
    349.90524617  310.7063202   241.2328844   257.79558621  227.58757698
    242.20043684  376.8736875   600.89726402  405.31442986  135.94376246
   -118.53367499  -58.16280684]
  [   0.          -24.31044305  -17.76650013   71.1299507    24.31005724
     -1.30872385   37.6227892   -82.25072265 -231.33990854 -322.99889828
   -344.59905177 -211.08896335 -307.36231282 -384.58036272 -205.38341518
   -253.71959594 -319.55690014]
  [ 388.99748923  398.29212824   28.93317876 -360.4424204   379.70291106
     -3.45376157 -397.91833574  615.11235352  784.9329293   768.12952002
    868.40882497  744.8011371   574.45407385  474.49284026  764.79566073
    713.53720517  598.87189624]]]