[[[ 462.42        351.17327892  385.54234469  411.98283965  573.6659672
    626.45999728  627.51694913  442.40458797  448.71317701  435.54839065
    458.78162522  576.79938478  846.38245522  975.13966083  321.99723376
     84.25159505  -49.89878607]
  [   0.          -37.06646081  -49.95946079   27.58488822   37.0660186
      9.06535878   96.66327898  -79.40917102 -195.59200908 -297.65493854
   -302.50776257 -155.79666958 -211.4069283  -383.11483712 -181.50946726
   -244.80817948 -387.26481346]
  [ 347.37687071  342.57516831  -11.51580477 -358.77366177  352.17853055
     -2.47958579 -361.30405107  569.70293557  759.0854096   738.15591291
    829.69140846  753.87474899  756.50299758  832.66207267  737.99419399
    734.22959818  859.75086355]]]