[[[ 385.86        276.8261747   289.72403626  319.77214769  494.89311705
    508.41317876  498.08758202  343.97065439  332.12175642  316.31371527
    336.54256101  452.70800859  589.60972069  652.0347963   216.14290313
    113.82535289   63.10004489]
  [   0.          -36.96685308  -48.53381425   30.39556607   36.96635529
     25.5422105    87.15270133  -66.04434996 -211.81737546 -316.23394021
   -352.03399029 -173.24411624 -122.9308145  -212.40344814 -199.2143781
   -169.15778876 -250.44011722]
  [ 424.57495785  421.01824327   54.63071565 -288.94614214  428.1316213
     71.75328995 -290.7123909   653.25139518  813.90252862  758.68848795
    856.25388535  801.50786307  612.07593109  410.74671697  770.3403292
    527.18139811  399.84989491]]]