[[[-311.694      -220.83056098 -478.64772073 -520.87868639 -402.5563986
   -638.37755064 -370.27837552 -250.2499733  -180.45854246 -252.55552727
   -227.69562793 -295.51910153 -599.61051382 -884.37540236  -93.47828709
    -65.01947052 -121.36230627]
  [   0.           60.09040265  168.2420227    26.72727873  -60.08995113
    130.77916285  109.95478056  -50.90313862  -16.1912485    90.05429688
     55.83867796 -120.91768361 -271.6457046  -159.88332057   48.63600098
    184.51417135  256.86354312]
  [ 381.81661825  398.24806276  -45.86039197 -520.05692994  365.38537151
     -8.05858252 -395.54589159  637.54472292  881.02781869  903.79081686
   1001.07054819  885.88488425  853.86172569  920.35586763  803.07342002
    606.29742003  742.66975394]]]