[[[ 368.281       253.98494683  296.92090037  322.66212329  482.57624228
    511.4877416   463.70078546  411.03301368  497.16396843  442.91050204
    469.04832199  608.97378274  710.77403424  747.1336661   357.55011057
    105.59790007  146.77123715]
  [   0.          -31.67822332  -72.04531439   13.73300472   31.67781222
     29.52358404  140.907637    -61.69723222 -185.40722587 -284.71784438
   -300.93019433 -146.53974995 -100.22014498 -183.51089731 -172.35988627
   -232.98025649 -335.83364208]
  [ 275.30696297  285.38309067  -94.41242805 -476.57361904  265.23087436
   -107.22201538 -456.17647009  516.84014527  702.93995097  687.30470158
    783.85033294  637.98071243  381.33250967  104.0180917   714.89116841
    731.40556015  859.81758201]]]