[[[ 318.215       199.87706556  248.51895517  224.21721442  436.55186289
    511.77596203  545.48265519  278.44310944  218.36982104  188.38753367
    183.63745892  362.99504418  607.80068861  706.00832902   99.48193791
    -40.95333433 -145.92282941]
  [   0.          -16.06759989  -88.24402399  -11.21938814   16.0674852
     -7.90745657  102.18293382 -149.96371164 -377.95244244 -491.30544553
   -527.54338868 -349.77251118 -309.32154152 -355.91312262 -332.83177965
   -316.48076778 -415.16970759]
  [ 347.99495785  329.19151644   -6.29820819 -350.14720623  366.79826449
     23.90579478 -320.03825719  521.33577481  585.90980337  540.16527189
    625.98470033  630.97493856  554.05603134  312.43219384  497.81317061
    257.92606714  105.23098723]]]