[[[ 415.44        315.31574166  277.69620156  217.2388147   515.56367357
    569.51304639  669.51219094  391.34563019  413.32011702  415.53037242
    450.27887416  516.22718576  608.9128639   590.00740632  303.31863941
    203.03719459  215.12793886]
  [   0.          -36.59486818  -75.67356986   -3.27155275   36.59444596
    -16.21967118   16.98460118  -64.99366801 -189.99207332 -280.69365021
   -306.2286209  -158.75712293 -176.68898626 -295.07431946 -189.72377322
   -222.54917827 -293.98310041]
  [ 379.41730699  380.110133     21.03982611 -300.75342251  378.72447833
     33.46070707 -314.17693652  603.01781231  779.09853226  724.55475903
    827.28186355  750.69872928  505.14989243  516.83758169  748.57870775
    492.58704223  552.02181759]]]