[[[ 327.053       205.426301    132.99906886   26.78163372  448.67884625
    525.12349102  580.78198132  330.47101313  347.28378763  332.80083243
    351.59779223  478.93938429  768.356035    867.87353727  213.77380313
    -44.72531847 -214.15768688]
  [   0.          -33.52649482  -64.14391524   -4.51902631   33.52617672
     19.69678299  148.84174827  -84.32488135 -202.58794597 -297.49915175
   -303.22787372 -164.07228248 -223.05462141 -378.81822401 -181.01774319
   -205.54782235 -335.07142657]
  [ 200.3060872   205.6786737  -156.93723765 -533.10967461  194.93358174
   -158.36677807 -515.61998096  432.05896457  625.73030563  616.2433996
    704.11856187  619.29705056  689.95290687  836.02086355  603.77193902
    627.26097844  739.7197112 ]]]