[[[ 327.005       216.25110854  313.95912361  378.47738202  437.75825259
    439.45114811  505.1129692   322.48239578  326.96651107  313.24996768
    314.51756212  461.4492137   662.99924112  710.97003745  208.79378167
    128.13302539  149.07274354]
  [   0.          -13.70966695  -67.15696555  123.37226454   13.70955508
    -52.47961324   60.34542631 -154.59258149 -373.83811353 -484.44976722
   -498.13078869 -344.64485491 -389.44148137 -478.91302936 -351.06259591
   -378.87557706 -499.6840865 ]
  [ 354.01995785  340.23281384    7.36871007 -221.36443028  367.80694902
     16.51135088 -246.85327081  523.3696916   623.02967408  609.57812083
    710.60456741  619.0187233   451.10182774  192.0156454   567.62010322
    318.39835973   79.008253  ]]]