[[[ 291.717       192.39579074  177.312168    -28.56889747  391.03757628
    524.92270189  632.9818587   231.76190425  234.55258798  292.55655819
    286.27709854  350.45617863  660.62176662  874.73668916  135.50555871
    173.5806772   444.7480933 ]
  [   0.         -101.00748896  -53.49524444   41.50144656  101.00653059
    119.40423631  180.61557848  -70.3942543  -195.15087728 -283.75173865
   -328.70729826  -96.85311647  -61.55840237 -279.16833278 -260.62645875
   -386.87470124 -431.82153354]
  [ 427.84361785  414.75285499  -17.70285379 -374.78595343  440.93428904
      1.65927105 -371.39364481  677.42480952  843.83278059  815.11097399
    907.69357128  861.10612275  836.68995327  743.20537059  767.98616791
    537.44842263  348.6386517 ]]]