[[[ 385.94        273.04285804  339.53118157  303.67246239  498.83631266
    493.92027396  427.85223045  354.75973351  393.98066937  385.21482472
    431.93751003  515.91392725  725.04009692  894.52675691  258.71531516
     12.51945958  -79.23903061]
  [   0.          -47.55109664  -69.79695495  -20.41333955   47.55036928
     39.90293604  102.00525101  -76.8798286  -207.50479752 -311.52759738
   -343.56103307 -153.66569738  -77.23368497 -170.0347022  -199.81339221
   -256.3005661  -380.35355044]
  [ 395.89439771  393.52480833   26.08276512 -360.77783578  398.26394977
     22.81119016 -359.00463425  637.60454559  803.79734572  740.64693474
    838.67301389  775.41864921  601.8629554   396.4974104   802.8404627
    760.80989424  855.87823349]]]