[[[ 3.03574000e+02  1.88286058e+02  2.77214129e+02  3.32442544e+02
    4.18861218e+02  4.17709473e+02  4.51905922e+02  2.63870552e+02
    2.76153250e+02  2.75359878e+02  2.90855299e+02  4.16222890e+02
    6.97813370e+02  7.19719847e+02  1.44462307e+02  7.94435332e+00
    8.10119535e+01]
  [ 0.00000000e+00 -5.90638102e+01 -4.01790294e+01  3.72564515e-01
    5.90630077e+01  3.40728015e+01  7.85536508e+01 -6.27080761e+01
   -2.09126189e+02 -3.15418400e+02 -3.42155035e+02 -1.57447943e+02
   -1.81772403e+02 -3.23071806e+02 -2.16773598e+02 -3.08421817e+02
   -3.80967971e+02]
  [ 4.94129058e+02  4.88624374e+02  9.63126876e+01 -3.09453872e+02
    4.99633686e+02  1.00444969e+02 -3.22792222e+02  7.40659077e+02
    9.04600310e+02  8.61851844e+02  9.54391279e+02  8.95689355e+02
    7.75983592e+02  6.04305855e+02  8.64154316e+02  6.84021966e+02
    7.07034880e+02]]]