[[[ 112.284         3.16427468   -2.30363514  -56.82139123  221.40304299
    309.70796031  434.8852988    79.92316328   46.32151782  -10.97445177
    -16.84069962  168.48883581  324.02176192  325.79565719  -63.70483756
   -259.31176151 -457.6602332 ]
  [   0.          -29.7749909   -46.45859988   -8.52497156   29.77478516
     -1.62006125  105.68300872  -66.5179642  -190.20158652 -268.03923732
   -288.80458158 -170.20147532 -168.85006982 -252.02641673 -156.15520209
    -84.24712366 -169.24429941]
  [ 326.00639479  329.17898431  -36.12932778 -396.58305992  322.83386983
    -27.5548107  -353.34312995  559.40592558  743.07704258  710.52150606
    809.48586355  736.75045243  592.32591917  463.55344617  692.95846429
    536.81540584  482.95243179]]]