[[[ 2.97621000e+02  2.22828584e+02  1.64964784e+02  8.73468085e+01
    3.72413108e+02  3.57644472e+02  4.35501349e+02  3.08580495e+02
    3.37256838e+02  2.81314394e+02  3.02668398e+02  4.09538769e+02
    4.24793850e+02  3.81037789e+02  2.49707348e+02  7.27375252e+01
   -1.38835829e+02]
  [ 0.00000000e+00 -1.33247959e+01  3.50993498e+01  1.10228610e+02
    1.33246215e+01 -1.15676290e+01 -2.02700805e-01 -4.21101584e+01
   -1.40767291e+02 -1.82970223e+02 -2.06871295e+02 -1.27990083e+02
   -9.88779548e+01 -1.39264272e+02 -1.08816638e+02 -1.96572217e+01
   -4.96513943e+01]
  [ 3.63236535e+02  3.77578246e+02  2.55904387e+01 -3.60316849e+02
    3.48894932e+02 -3.81350105e+01 -4.35388708e+02  6.09288948e+02
    8.09438643e+02  7.85309056e+02  8.89033243e+02  7.72231736e+02
    5.48242144e+02  3.06320141e+02  7.72418773e+02  6.14413561e+02
    5.48721076e+02]]]