[[[ 156.232        42.8839357     5.87638245   95.38023575  269.57929842
    303.13055652  375.48997156  129.36414613  109.98988235   92.44723541
    106.11519673  238.64888847  466.83730379  539.38263766   -9.55868779
   -180.62536104 -322.66351479]
  [   0.          -22.33192824   -6.45206961   43.42036991   22.33169854
      1.11824384   91.0204372   -66.71223206 -196.72226084 -288.62962947
   -308.52240187 -173.31786675 -216.92299115 -378.25522543 -166.986232
   -153.91758925 -262.71036007]
  [ 377.04223813  381.48807322   -4.6986668  -391.35381165  372.59646068
    -14.06860433 -383.54302196  613.20089414  802.5357809   775.31753337
    870.58904977  792.75116535  688.45243058  718.48048699  763.53147629
    644.11676599  651.01285886]]]