[[[ 8.36220000e+02  7.55752196e+02  7.25530376e+02  6.68225378e+02
    9.16686942e+02  1.06223736e+03  1.28930907e+03  8.34501050e+02
    8.04353362e+02  7.58775021e+02  7.61852139e+02  9.19406444e+02
    1.15178861e+03  1.06639895e+03  7.19844459e+02  5.97576164e+02
    4.13161143e+02]
  [ 0.00000000e+00 -1.02204582e+00 -7.79850292e+01 -9.93540863e+00
    1.02200831e+00 -4.77456800e+01 -1.39948398e+00 -1.16154529e+02
   -2.48406611e+02 -3.35064650e+02 -3.46308696e+02 -2.57508380e+02
   -4.64204357e+02 -6.06637998e+02 -2.04845326e+02 -1.74629517e+02
   -2.31548755e+02]
  [ 1.96695228e+02  1.90291105e+02 -8.32220304e+01 -3.76553728e+02
    2.03099312e+02 -6.83206680e+01 -3.78331193e+02  3.80772309e+02
    5.22711075e+02  4.83143243e+02  5.70246283e+02  5.41896289e+02
    6.70540756e+02  8.12497864e+02  4.74847163e+02  3.50726729e+02
    2.76692575e+02]]]