[[[ 330.017       233.19486374  128.62015176  275.75242464  426.83843835
    461.92869753  604.25980007  405.8722474   523.62319491  446.72671658
    510.23037441  603.34728739  640.65878761  601.58360712  417.26391283
    156.41152945  -37.93347255]
  [   0.           24.56968625   32.44384056  140.80067986  -24.56974655
    -43.23853103   76.56953478  -51.12692733 -165.00009947 -228.83632883
   -251.59475424 -175.02301875 -154.90245767 -220.01146253  -97.56350395
    -13.84840371 -126.51167598]
  [  12.82693053   45.64608083 -325.47875722 -730.75504282  -19.99195615
   -425.86868796 -779.27161036  268.7273787   463.81909787  454.0268954
    545.3963026   350.10349802   64.87284791 -204.69441607  529.18690237
    757.02385386  920.78354089]]]