[[[  38.653       122.61508873  724.97373327  535.72539287  -45.30813392
    490.73992057  523.57010693  -97.03139154  -32.82742194  121.01907715
    110.98707714 -105.77371203  224.64202212  503.31887285   34.60479792
    115.3351081   276.86162371]
  [   0.         -256.62153486  -99.57616479  -58.11854184  256.61920258
    393.39611205  347.5445164   -82.6296931   -38.80733243   12.90522602
    -75.59459046  190.04178931  482.92616828  365.85258825 -284.93554389
   -425.09585979 -255.7722032 ]
  [ 182.51202188  140.78850213  459.16227843  126.95418527  224.23538887
    511.60126694  111.32364471  462.03009305  697.83058548  658.7887884
    767.42037593  681.78755769  616.92032871  824.26686355  672.54193197
    366.93680757  124.88298874]]]