[[[ 365.242       257.90731363  284.18799904  320.30058001  472.57604723
    483.4492986   484.30442779  348.72456876  358.81866896  333.8056871
    345.61259519  481.3163516   686.34149618  805.25034407  238.14275825
     53.50419385  -74.88356843]
  [   0.          -42.18458868  -14.50341499   45.55199871   42.1841385
     66.76672227  171.28880817  -72.45774422 -197.67400849 -286.26697778
   -303.3272737  -155.2019875  -168.48943534 -311.99580958 -185.495279
   -185.24332583 -287.89080683]
  [ 469.33270194  468.13663048   59.72129413 -336.16611986  470.52878316
     66.61413994 -316.38581253  705.11803763  891.91996166  851.80327638
    948.81782179  887.5682257   814.73668786  896.28422829  860.68746925
    742.730112    842.59597394]]]