[[[ 324.13        203.99271874  220.62148998  210.53609355  444.26647662
    416.82773204  405.62072849  303.52348913  314.95258517  287.41240329
    309.67879804  444.38230995  604.10166478  658.30213256  182.49098088
     16.86801604  -57.30515529]
  [   0.          -40.3108084   -38.17745644   25.33478477   40.31026538
     51.76149581  122.13248155  -75.30796964 -233.14927707 -336.04221873
   -381.73299701 -192.39571276 -121.86079434 -186.8802707  -212.3748847
   -168.56117404 -228.67196453]
  [ 420.90785614  423.28621276   36.88941331 -332.94490571  418.52950839
     38.11751781 -325.92625229  660.85070892  812.01662391  744.80862354
    843.16293026  802.16126404  633.12254612  365.56843048  778.35661095
    591.47593     419.64789469]]]