[[[ 468.3         367.45001316  388.53517605  419.4612175   569.14951672
    600.37995604  586.1501637   507.14561192  571.18402312  544.69646825
    560.12823955  677.00340099  759.17008166  744.68708382  452.77285002
    407.30712498  478.18678204]
  [   0.          -49.9391555  -110.10772122  -26.38257896   49.93874259
     24.69806869   81.06642286 -100.27437551 -262.85240294 -358.05518346
   -395.60605323 -215.44523323 -181.41848539 -285.21266993 -271.11756849
   -292.642841   -336.15070961]
  [ 371.57495785  370.18340304   15.35555282 -305.7560275   372.96648066
     38.64689603 -288.52359071  590.2690278   724.20353593  657.76082408
    757.77920854  711.18815171  498.50594642  228.57476649  690.55446454
    434.68919305  390.567454  ]]]