[[[ 459.5         347.62824669  336.72850798  401.79884566  571.37083748
    572.54116763  530.34604783  424.03875795  406.72787386  385.12774418
    406.49133198  536.63045161  807.10187214  909.71039325  282.51749308
     -3.61982353  -30.15972305]
  [   0.          -24.04901919  -14.176814     84.85888853   24.04866512
    -40.32582171    3.5541694   -85.86685248 -208.9860448  -312.87597644
   -325.4651819  -180.81897872 -276.88725211 -441.26029894 -180.55272064
   -257.77864692 -390.71328037]
  [ 189.7155728   192.90654122 -138.50479379 -486.46985339  186.52462867
   -180.06658897 -576.45674432  407.2462453   586.22799696  561.12338399
    650.99539122  595.52845358  701.38966585  874.16831712  560.3197366
    550.93740647  711.61703379]]]