[[[ 394.71        262.58313168  221.65030296  184.00502293  526.83585002
    604.19870949  663.23697473  371.59348694  366.67385868  333.60722945
    346.48260254  507.65705805  737.06203312  984.88269786  229.74789658
      3.71754064 -188.39429503]
  [   0.          -32.48155954  -46.57098487   68.51658796   32.48125178
     -2.1118177    92.03067898  -83.97128787 -226.86486541 -332.99425829
   -362.492518   -187.04799422 -127.59466918 -270.25809347 -198.74843862
   -173.92103969 -314.56562677]
  [ 433.44595785  428.86336371   54.59932339 -285.42305152  438.028556
     62.93991366 -298.71409355  663.5251218   829.03313342  766.3249795
    863.70133557  830.32949009  689.50055345  696.39075833  800.56988594
    629.55904127  679.83436167]]]