[[[ 480.11        398.11372892  440.76533854  423.04443792  562.10584263
    575.8284817   523.22488583  454.87441065  481.30965938  475.36588086
    508.9057306   570.86302187  655.82355851  679.80072103  384.89210127
    300.17063606  280.31199468]
  [   0.          -47.53135391 -106.63874627  -43.92674279   47.53070872
     34.07724225   47.41409737  -89.27856242 -237.26345219 -316.95320525
   -354.8872047  -196.04864996 -185.33110665 -268.34003447 -240.57115999
   -250.33490667 -286.72466638]
  [ 377.45795785  374.59238407   47.75260465 -288.94441206  380.32347225
     62.01610158 -280.0325829   600.23307781  749.14140349  689.0013068
    795.99780694  715.94336063  490.5445977   187.17068146  721.7713893
    492.93710259  212.93545704]]]