[[[ 424.17        326.28651403  307.99540266  284.229693    522.0528678
    580.89058132  511.48843548  419.16844251  471.70402097  449.04627775
    496.57115651  567.13519433  660.36855316  637.90042504  353.1188476
    125.19680783   39.75441172]
  [   0.          -44.38342653  -58.38721499   -3.31949448   44.38288591
     65.86895337  161.22123857  -37.60664272 -123.82768705 -210.10023512
   -227.71944247  -85.95677852  -42.3724091  -128.90084908 -120.3592823
   -164.99434145 -264.30213219]
  [ 259.72560489  265.61187979 -104.72242322 -482.69512837  253.8393401
    -89.42282677 -447.59097783  511.12304912  724.26650985  705.94293725
    803.39055525  668.27739508  428.62075583  192.22302601  724.05791066
    724.09183834  859.54986355]]]