[[[ 509.67        416.42791359  457.7474914   478.72551972  602.91154094
    647.48334426  713.09730198  565.58731469  665.28770181  633.01826671
    676.44018333  758.92081463  857.32420335  862.5483882   548.38426368
    407.24897918  423.98900643]
  [   0.          -30.68049178  -60.26904752   24.60817764   30.68007781
     23.331706     82.98326986  -78.33733885 -197.65526309 -280.71380808
   -301.78631929 -163.63755533 -149.00763697 -249.33642844 -198.02843985
   -287.78371003 -345.82619795]
  [ 320.44032225  327.25413755  -45.724961   -397.62713708  313.62652645
    -51.72790508 -386.81650768  550.26177702  719.52196871  680.69140316
    776.76248793  657.73046462  415.25289304  172.89362606  739.23795794
    779.57003884  850.82286355]]]