[[[ 371.19        240.95256265  195.89553416  105.39744161  501.42653543
    597.08215453  673.08234437  352.87504068  366.159675    344.26193631
    358.11426393  502.88086198  758.05072765  909.59061479  226.75525508
     15.22873819 -108.71707543]
  [   0.          -52.22485534  -30.83388759   52.64045392   52.22442923
     51.97436771  196.2846754   -54.29624844 -138.83785345 -238.6710147
   -233.81101196  -90.95778501 -145.7203261  -353.61121782 -136.69490159
   -253.45445329 -412.92887796]
  [  12.7086913    12.71404088 -378.33062903 -767.77285437   12.70337937
   -378.85050983 -740.81602663  256.82947071  473.11639685  477.8503006
    557.78989883  475.03347495  639.92784376  832.88711995  451.48870701
    639.15516626  894.31554566]]]