[[[ 327.083       236.07675608  290.72613302  460.5399754   418.08871122
    405.77459228  622.9941448   414.16296335  564.16525634  504.4208341
    571.74257454  646.33274224  747.69358421  853.59308616  451.50815152
    192.43614413   47.24281579]
  [   0.           -8.88073062   69.75085814  163.34111799    8.88042313
     35.01275816  141.84248822  -55.4218219  -149.10988577 -214.34910025
   -238.65356796 -121.23495092  -67.79065771 -142.80921672 -120.13602954
    -73.30157968 -183.48915624]
  [ 196.98898884  216.23207692 -242.45978842 -622.01730282  177.7460331
   -277.06513002 -625.55350216  437.35765739  603.24442385  578.99794573
    672.5573735   514.16725044  237.27817169   13.40531757  653.97635738
    755.22442846  945.307491  ]]]