[[[ 247.54        136.51821872  177.81086215  137.50838026  358.56090989
    359.6394746   308.46259451  201.85781677  198.45929171  181.3699941
    200.12441757  323.84911384  585.67329017  640.07962883   70.65479067
   -202.49044737 -262.87428523]
  [   0.          -42.42303478  -30.80431652   11.69041267   42.42249252
     69.40822953  163.14492672  -94.15971963 -244.1721515  -344.85301428
   -367.59904031 -203.63533015 -253.58340108 -362.28608725 -225.76330091
   -297.17014975 -413.64269062]
  [ 427.33426902  426.86503861   45.28840319 -347.64190571  427.80349312
     38.81939756 -337.48045858  643.59243003  800.5392202   768.72952025
    862.01215408  791.3156217   764.82108107  651.84267409  778.81941401
    782.63299575  755.45213068]]]