[[[ 480.12        366.55594492  344.01223386  393.68903987  593.68326157
    642.50639541  659.30184854  510.74583473  557.75932693  545.88656977
    552.00354398  678.86226037  840.82565909  937.54786554  431.73766686
    301.83468963  296.86045554]
  [   0.          -35.65737984  -85.18182547   32.97723327   35.65702783
    -15.27334779   36.75073692  -99.82630295 -255.63641146 -356.1754963
   -375.9036797  -209.88502872 -270.70777519 -423.81815856 -253.97765173
   -237.30987752 -283.37924185]
  [ 427.46495785  433.33653574   98.46556556 -264.5516143   421.59341668
     78.19314837 -300.32592414  642.54245072  801.28762524  760.4924842
    860.10563707  777.93580837  670.11622562  771.73415091  778.75024461
    565.10547509  354.1077255 ]]]