[[[ 459.38        345.98061743  398.15505455  428.48748734  572.77872199
    598.58016134  635.47388479  467.94923338  527.2713828   481.58654255
    532.7005748   648.88774922  776.10872279  796.14642759  387.44407148
    112.35061615  -84.84401828]
  [   0.          -29.30563989  -57.22969937  -15.55459522   29.30518204
     -5.13683781   51.23497754  -58.4049923  -184.80140681 -280.75037489
   -308.74909809 -159.67996068 -108.47903998 -201.85232582 -151.7723824
   -129.19080559 -261.98431739]
  [ 299.29007093  303.95291588  -52.53663042 -428.49428908  294.62725378
    -60.53363499 -418.4904017   550.12056117  729.01842599  675.59396851
    770.97129642  690.2912938   477.61479237  230.15369801  732.65018454
    720.95385668  844.93286355]]]