[[[ 341.828       244.95053953  281.2007089   273.61905845  438.70493383
    490.82532976  513.43271246  335.18683894  363.41359827  347.31934655
    359.01719078  467.64515349  545.10380834  491.74096945  253.54641656
    145.24486324  185.25481035]
  [   0.          -50.95256979  -70.66388754   35.42392879   50.95200418
     20.55493165   71.97565407  -68.56971474 -206.84234246 -297.13835137
   -328.9118577  -164.70749491 -165.51576842 -272.06574437 -210.81286672
   -190.64189616 -229.22100673]
  [ 406.69390213  409.60191304   34.27867823 -325.33172955  403.78588495
     31.82669049 -327.71187363  638.6796838   811.55052323  760.48250303
    862.61086355  782.19923773  532.33237773  381.72492373  773.82751523
    522.30661624  312.92587642]]]