[[[ 421.21        346.86436818  255.99923184  186.29700271  495.55514806
    611.12519672  651.70328478  419.75979208  425.31858141  424.15824997
    428.58688677  500.43430045  557.2552541   465.32007994  352.19706821
    371.47286264  413.73619001]
  [   0.          -42.91248269  -57.40453706   42.07462245   42.91215356
     20.79325936   63.56338931  -64.94232936 -175.74165463 -251.14131772
   -255.11703789 -142.82067599 -270.59163131 -369.13013407 -194.70001201
   -290.05004059 -334.48392981]
  [ 286.31249382  290.19565625  -19.08109413 -364.22488224  282.42934043
    -41.7248309  -400.96808372  521.02085736  725.36536795  739.14159494
    833.09386355  711.16000408  651.45752323  531.11600307  663.18844385
    520.88165016  411.54666594]]]