[[[ 374.23        256.12806624  122.61069804  135.84316641  492.33123313
    548.32492041  583.88282353  399.07730164  449.81020135  427.86201548
    456.0408996   565.98120874  768.37402451  777.3094264   326.44016564
    178.78926316  137.69171438]
  [   0.          -19.30091966  -74.56507799   -7.37335194   19.30074418
    -54.68899796   52.11119987  -62.50688648 -156.37100304 -246.42747703
   -239.57386997 -130.64895631 -230.77980559 -393.92678395 -145.29253362
   -264.0694131  -364.71502024]
  [ -49.11723475  -32.22122255 -332.43364577 -742.27735113  -66.01310203
   -403.55424235 -757.35828703  189.18522835  396.33434584  396.18533641
    481.5510031   352.64523191  335.38667267  524.40345726  404.36154363
    580.99970291  815.54186355]]]