[[[ 256.391       119.38500234  176.47226492   70.90163699  393.39596469
    453.44412141  333.44407087  228.46870618  202.5293821   225.01339863
    235.93271378  363.0283858   679.37111697  979.07698629   44.21457426
   -247.33189095 -463.18328515]
  [   0.          -58.3854134   -64.93206632   37.70310124   58.38478758
    114.91211164  340.4439446  -103.51218136 -290.98472961 -413.78741888
   -452.19306884 -214.67127703  -71.74166904 -154.45550239 -273.04783827
   -228.82551305 -317.82115161]
  [ 415.49589217  394.82594118   -8.50471557 -348.15814728  436.16573828
     62.13092845 -264.08262393  641.87932506  782.57167316  738.52000085
    835.92842073  836.0159966   898.08903945  870.09514058  705.08724283
    505.64830193  312.4635672 ]]]