[[[ 418.17        348.85442972  201.37319261  341.67990764  487.48559041
    406.26778759  693.88516996  469.74430357  486.58240437  381.40388237
    425.25082034  558.74960489  554.36899698  433.74899925  410.72945448
    296.03308198  144.04203845]
  [   0.           53.41133327   11.19207525  139.63933246  -53.41092896
    -81.9248265    61.04972097  -43.18860534 -109.63222145 -170.40194743
   -170.44775659 -179.23024074 -273.96981224 -315.11132137  -29.77413874
     33.57060464  -68.61154691]
  [  92.22848814  118.06478319 -119.12311601  -52.11386931   66.3923106
   -179.75732843  -44.79573489  309.58386699  520.15030338  500.86473414
    603.59086355  475.05527986  224.80643839  200.0863695   510.98451827
    278.3899887   294.02323456]]]