[[[  14.918      -154.27541544 -259.34887334 -135.71504325  184.11010627
    258.33465413  324.28485878  -39.53598188 -111.37504279 -146.94843051
   -135.72466969   68.94892682  326.14576363  183.52008828 -278.07516821
   -568.78048178 -694.73580036]
  [   0.          -22.67533347  -35.39032111   37.14385487   22.67514714
    -70.44299292   75.52633994  -34.41629157 -162.63901825 -286.14693343
   -310.29996507 -154.7316492  -223.74713174 -298.41021941 -110.17076154
   -112.28407916 -291.15603657]
  [ 405.87562923  413.64779062   28.96262572 -394.72681555  398.10359923
    -10.11462454 -395.61906867  658.85886477  839.3109701   811.58434687
    895.77596144  866.46391066  941.8936979   834.43695792  781.81110179
    680.59081027  728.53736658]]]