[[[ 3.09430000e+02  1.93983945e+02  2.37814659e+02  7.02799344e+01
    4.24875185e+02  4.45432956e+02  3.92907956e+02  2.40789044e+02
    2.36119795e+02  2.58849612e+02  2.90118852e+02  3.63504998e+02
    6.82216477e+02  8.69964496e+02  1.02366809e+02 -1.54224081e+02
   -3.24236387e+02]
  [ 0.00000000e+00 -6.76836625e+01 -8.01599943e-01  6.92244109e+01
    6.76829182e+01  1.07373208e+02  2.09465185e+02 -2.97987637e+01
   -1.03969081e+02 -2.01443764e+02 -2.12885944e+02 -3.54887620e+01
   -1.25625339e+01 -2.07436510e+02 -1.17568005e+02 -1.87774524e+02
   -3.38890292e+02]
  [ 3.46908338e+02  3.37328138e+02 -7.02362044e+01 -4.23725528e+02
    3.56488490e+02 -7.14897088e+01 -4.58486634e+02  5.90510186e+02
    8.06333149e+02  7.96254327e+02  8.85950363e+02  7.96299921e+02
    8.32893773e+02  9.22301973e+02  7.80587032e+02  7.81229912e+02
    8.78371393e+02]]]