[[[ 503.69        397.89604963  291.53353046   71.15028102  609.48320783
    583.82990664  631.08775603  478.43799331  462.36369665  417.96669856
    437.96918074  573.95448388  672.60536295  622.729772    351.41522357
    192.43082346  123.88751918]
  [   0.          -15.89707639 -112.4620561   -79.25606284   15.89680936
     -6.7936396    45.97948782  -93.74490931 -250.03553766 -343.82029139
   -378.6331241  -238.06983167 -240.65101093 -325.13762709 -211.65312848
   -177.55047505 -254.19787861]
  [ 353.93195785  355.58786505   59.46354812 -234.01450743  352.27605892
     70.08689721 -267.60487808  563.64346271  711.42611635  665.08126951
    762.07436206  688.80941749  487.44205746  217.19803565  676.00779373
    460.47214724  255.81204251]]]