[[[ 435.97        352.43600232  379.74533746  370.07911761  519.50367924
    585.17075257  638.38316725  465.83404958  532.8805234   489.88527754
    514.31146346  611.07266798  540.23285362  418.342567    425.67350698
    237.20998801  271.23668134]
  [   0.          -30.54448676  -95.24248505  -47.41369559   30.54418155
    -21.5348026    11.11135838  -49.855146   -151.63446248 -227.6729429
   -228.35610975 -138.19432856 -245.96210972 -303.00623853 -142.6410425
   -168.50105987 -243.86718734]
  [ 286.24288213  297.3480083   -40.74347483 -396.03397644  275.13782399
    -55.60966238 -401.50784821  520.1157262   731.00828434  717.04303984
    821.39386355  673.65093019  452.933892    666.75251838  722.2942924
    586.8422326   632.10166481]]]