[[[ 3.71230000e+02  2.63123151e+02  2.96618212e+02  2.83700269e+02
    4.79336232e+02  4.84396879e+02  4.85771591e+02  3.37286011e+02
    3.43275198e+02  3.25050422e+02  3.45620564e+02  4.60714401e+02
    6.00147448e+02  7.39156029e+02  2.22515121e+02  8.74189185e+01
    5.01138982e-01]
  [ 0.00000000e+00 -5.05963281e+01 -4.02032861e+01  3.29968438e+01
    5.05957602e+01  5.62620060e+01  1.05047279e+02 -6.06476991e+01
   -1.90960444e+02 -2.87269572e+02 -3.18761188e+02 -1.40060496e+02
   -6.88359256e+01 -1.34143879e+02 -1.89976109e+02 -1.52959627e+02
   -2.09079034e+02]
  [ 3.58232102e+02  3.54568270e+02 -1.14831083e+01 -3.32097331e+02
    3.61895889e+02 -6.10583153e-01 -3.34217670e+02  5.95404178e+02
    7.68274881e+02  7.31710625e+02  8.33128864e+02  7.51843563e+02
    5.60648155e+02  3.27113532e+02  7.27109808e+02  5.05189514e+02
    3.17939762e+02]]]