[[[ 565.5         486.59184669  620.33417281  656.10265588  644.40768309
    681.12572866  657.47313944  514.58341172  539.31007805  535.56305163
    594.35462488  630.18208951  744.14851793  801.55962216  433.58527224
    197.76094834   65.20719691]
  [   0.          -33.01960196  -93.65088706  -80.41900019   33.01913993
     15.36547481   42.66388039  -48.31902165 -139.36790668 -224.35047622
   -233.31198447 -110.66758548  -97.17913341 -159.93464365 -133.28237881
   -196.08607421 -290.1062029 ]
  [ 276.19337455  264.34587141  -29.63860209 -381.9187472   288.04077278
     -9.81008645 -358.60881834  494.01137424  678.16242378  648.88584413
    744.0670747   638.07302841  419.31012932  169.24658849  671.69410111
    682.15265397  821.41786355]]]