[[[ 347.607       254.92774486  300.04067726  258.16324432  440.28571948
    406.33839538  344.78736535  302.01182309  321.52700217  311.16483341
    333.70681027  419.09811388  491.55577592  555.35457641  215.1203057
    113.85734229  187.15765926]
  [   0.          -55.25455522  -52.64572344   22.66666309   55.25383951
     80.03872032  144.95677853  -45.57856588 -168.24234479 -261.21214707
   -294.78196058 -115.19868223  -45.83963987 -128.56451672 -178.04318484
   -206.09849167 -265.12169488]
  [ 435.3590649   431.49771651   40.4702121  -344.21622694  439.22034583
     54.11478049 -324.72311975  674.82510677  846.01989308  797.26453551
    896.43929184  820.15780283  580.05697249  299.08393278  807.4048672
    572.42167697  569.3754232 ]]]