[[[ 338.832       196.38340158  207.66710135  118.24714558  481.27962677
    481.65023064  418.95817359  303.7229854   313.96081306  312.66787914
    341.65724885  469.38977401  821.63223244 1057.56657218  152.67257094
   -137.532479   -377.44220528]
  [   0.          -55.44038138  -39.69559969   15.32167759   55.43976826
     97.40534971  248.20150624  -60.59408648 -175.65689286 -294.73589426
   -304.18308522 -109.98734141  -69.32574479 -246.72151995 -166.76335705
   -210.87070909 -390.61282394]
  [ 361.39581261  355.8939953   -33.80854169 -435.53523004  366.89761558
    -24.52948805 -394.72360071  599.86163285  794.17927337  781.03174997
    866.88370919  789.42312503  848.67068056  909.95241871  776.16932746
    809.79915936  913.84704265]]]