[[[ 4.15180000e+02  3.02007761e+02  3.55331215e+02  4.40396930e+02
    5.28351619e+02  5.57119843e+02  5.93834169e+02  4.54843010e+02
    5.34338873e+02  5.18088241e+02  5.51609225e+02  6.57867806e+02
    9.04335035e+02  9.56566592e+02  3.95242817e+02  1.47240672e+02
    6.66198964e+01]
  [ 0.00000000e+00 -3.49523383e+01 -5.28896972e+01  1.93343810e+01
    3.49520034e+01  2.43368852e-01  8.49672229e+01 -8.80783260e+01
   -1.95654304e+02 -2.87263311e+02 -2.85869069e+02 -1.57387549e+02
   -2.58799892e+02 -4.30430346e+02 -1.86531332e+02 -2.79235492e+02
   -3.88897094e+02]
  [ 1.00971283e+02  1.09040416e+02 -2.57867423e+02 -6.08312865e+02
    9.29022324e+01 -2.74636904e+02 -6.17771902e+02  3.28223985e+02
    5.13072388e+02  4.93115697e+02  5.84845029e+02  4.81133843e+02
    4.85488268e+02  6.72553978e+02  5.27233290e+02  6.42085072e+02
    8.33083864e+02]]]