[[[ 300.569       207.22992629  282.00613323  342.49748933  393.9074419
    391.86760036  415.48082972  301.65511878  366.48882106  308.38154874
    338.73770344  462.18855999  594.88374067  704.02149851  260.29349341
     78.64865188  -30.39394513]
  [   0.          -43.08679406   26.41850534  100.451751     43.08622637
     61.41262489  139.63852229  -34.32590026 -114.27965125 -178.28664386
   -193.51629321  -73.37440867  -26.59279243 -106.49776356 -112.75645399
   -174.86349535 -275.66192392]
  [-141.53336472 -130.93676267 -545.29977053 -949.14430964 -152.12988216
   -579.07946131 -955.40141349  124.90482786  338.35039692  325.19594739
    417.22268863  265.38935051   16.33750975 -242.70194364  368.82902007
    669.7086087   913.07204876]]]