[[[ 327.101       219.80125176  285.7879442   307.96710486  434.4000169
    467.26803257  495.04692371  300.39965822  308.26657097  289.34692094
    310.29130449  423.98177999  530.2174347   564.56827661  191.88153715
     62.99423819   10.0319752 ]
  [   0.          -42.22232922  -47.02036304   52.18386393   42.22180972
     23.3679421    76.77948921  -85.32732729 -242.55930972 -338.86848183
   -379.18605365 -206.70499962 -175.73069068 -245.48748324 -230.12426695
   -197.17354422 -233.6151545 ]
  [ 427.37995785  425.1912704    38.48111372 -305.04195512  429.56860429
     47.7592679  -310.85387855  654.97319813  797.7385887   737.6477707
    836.38983235  778.89828432  546.42419459  253.40319548  759.02836182
    508.91279885  240.14948055]]]