[[[ 324.188       234.91547016  205.63943809   25.83990706  413.45989485
    549.45096459  650.3755206   239.85163637  217.76570424  264.41577689
    261.27848026  326.75044044  588.75167925  832.04786426  118.84119634
     32.08445576  216.63284391]
  [   0.          -81.9510641   -39.72228335   31.98125826   81.95030217
     93.61019249  177.26363492  -80.83522667 -211.97694195 -300.43242627
   -337.35180566 -126.95057789  -69.13098191 -254.25505381 -252.33158126
   -365.83639164 -445.507552  ]
  [ 400.87560866  379.41866142   -8.0377324  -355.70224937  422.3324147
     29.75571174 -346.27719498  628.65891508  796.03203475  759.63021334
    852.86185802  817.12973847  764.19088964  700.71793281  725.34911786
    498.85573261  555.52947125]]]