[[[ 265.233       151.72332539  162.33807415   99.9593737   378.74163063
    491.24123928  596.27122937  175.9691915    91.35512754   98.41632326
     78.79651569  226.64324595  460.17276312  540.41219358  -13.33144276
    -87.11349288 -163.84216436]
  [   0.          -51.68269679  -28.4213689    43.54397959   51.68229973
     55.07896103  146.86587057 -119.82796779 -305.35952297 -413.84057129
   -444.37138329 -263.34766037 -315.0959377  -454.18880537 -291.60265568
   -285.56537576 -345.77140629]
  [  90.83791122   68.70817172 -328.25284022 -675.00917465  112.96756991
   -265.50571324 -648.27081107  291.85753135  399.54269023  372.91683619
    453.40213807  486.0773926   766.7242151   853.24308586  287.83931174
     46.0329873  -209.28207156]]]