[[[  15.039      -146.1829116  -244.05664966 -138.94793362  176.25963476
    279.36558026  393.91478686  -67.00027752 -156.21584801 -184.21429896
   -174.06181335   21.49311861  306.25116464  134.80998166 -313.37396233
   -600.23474765 -708.44068411]
  [   0.          -28.63043061  -38.87304859   11.07224621   28.63012782
    -45.74709553  100.90020902  -36.18632499 -157.78122852 -276.913961
   -302.59723039 -148.0040984  -223.97374013 -305.66379497 -110.60863683
   -123.15870418 -297.27294228]
  [ 414.2823558   417.52818002   24.30075801 -400.22071628  411.03661589
      9.55555679 -371.0506513   657.08488744  834.89760144  805.01866652
    887.72979822  866.5867796   954.90207208  848.34039922  777.37525034
    671.58697206  729.02763413]]]