[[[ 432.99        593.30269185  613.78099587  595.93177063  272.67877816
    286.95024752  317.75065081  438.88215422  470.35490946  436.24331757
    429.03450117  301.82874482  -12.68824545   -3.93025723  625.69634429
    908.78110633 1057.43697325]
  [   0.          -52.11211746  116.15970028    4.67648922   52.11179566
    212.07276476   60.11031824  -54.82481661  -52.5721586    59.57596831
      6.61539098  -43.67382507  -28.71320815   56.04578003 -112.03130171
   -162.33578687  -40.76531575]
  [ 330.38915873  323.80416104  -84.21771675 -495.53759955  336.97418957
    -73.25207264 -494.76794775  595.33983522  829.64458228  829.89592625
    925.10275828  821.16014391  833.8802923   911.79184326  778.4552033
    670.91748368  667.07672872]]]