[[[ 421.24        302.01342003  337.06895608  340.64072487  540.46554294
    580.87367998  587.07535518  386.67455594  387.2631238   339.52532057
    378.79046766  520.57486684  734.28667223  759.40654185  252.82373312
    -53.45495116 -231.10366602]
  [   0.          -24.92335756  -17.79660637   50.07507717   24.92291421
     37.41142099  151.25835732  -53.75952942 -178.44329763 -284.3190051
   -311.2078078  -157.62535036 -120.73804399 -188.45510575 -137.20062168
   -137.44225422 -291.18305212]
  [ 358.14326799  357.29455241  -23.31915733 -403.08048538  358.99196854
    -20.82722806 -387.47280723  595.49515649  774.47303381  736.0721378
    826.67770252  748.40554972  574.61156478  312.31201615  765.7796043
    774.80775552  892.77875337]]]