[[[ 321.14        220.66852499  210.81213535  275.38406631  421.61087506
    413.54671561  479.79870543  317.69811558  349.99040798  326.99716635
    358.83609045  455.87926603  566.21339504  565.12232909  231.58435085
     11.46363322  -15.04140077]
  [   0.          -15.58136541   -4.17469294   66.01373171   15.58107212
    -34.44011408    4.6715512   -66.41889807 -194.53862266 -282.13396643
   -296.70118933 -173.30999105 -211.30808783 -334.22031306 -170.32477162
   -193.08169118 -298.59862045]
  [ 367.10365216  376.44264927   10.53884485 -348.45368861  357.76471965
    -24.76659229 -391.00268869  596.91049052  786.99509627  752.34248448
    854.35334085  749.57908978  531.06751958  592.69616955  772.94431184
    633.52215785  670.21483944]]]