[[[ 494.79        427.25775278  472.74826797  430.32177788  562.32209275
    570.48200745  524.7725122   480.27073875  520.73795228  525.2044337
    556.67818071  592.94370013  675.64040507  713.32185435  436.69953249
    386.14200091  357.65462169]
  [   0.          -57.96835407  -63.49495725  -43.23523981   57.96767452
     86.09631426  104.17197904  -27.38268505  -86.55508778 -144.0964111
   -143.61112019  -34.59030397  -71.81316168 -213.45248207 -124.53851242
   -200.03909065 -206.54184011]
  [ 307.98825527  308.09058256  -50.84416158 -441.00848611  307.8858941
    -51.91831674 -431.40607531  545.67586617  768.05658533  755.78489568
    862.84174138  712.882701    501.38607224  618.97693039  752.47572262
    613.69294582  709.21933748]]]