[[[ 468.29        373.35767089  429.53688275  542.02696834  563.22190598
    583.62564931  618.83594947  493.2459058   573.35296126  568.54340277
    615.4929151   670.00349823  810.43743929  918.9952753   454.11217578
    257.0827097   128.61368864]
  [   0.          -33.88979828  -50.14202729   -1.1555799    33.88940897
     -5.21307248   22.11480411  -60.67970442 -159.36577537 -238.93337126
   -238.74524945 -115.99395771 -142.75179594 -313.37569685 -159.93730964
   -186.81029609 -279.58243266]
  [ 335.08685383  341.908558     -1.69682259 -358.72586011  328.26519923
    -32.14719846 -383.74681481  565.65108973  758.57653186  737.94050869
    839.00086355  706.6679505   514.09818941  682.10899242  766.68590398
    680.69986673  819.90499524]]]