[[[ 338.801       209.43120834  163.52333821   55.26325727  468.1698155
    566.53875436  692.13102973  311.78730013  301.83147831  261.16670385
    270.04318365  441.04315057  636.68207047  777.47124321  164.0943666
    -72.89711741 -282.00370858]
  [   0.          -41.01337072  -49.73110644   18.36838988   41.01299642
     25.2564073   126.91160375  -77.22183918 -221.85110373 -327.46187455
   -353.4286461  -179.95948757 -130.66367368 -229.06852264 -195.93450543
   -164.98469968 -288.46972432]
  [ 386.10924303  381.74674464   10.79314669 -351.09271021  390.47175064
     28.12926838 -325.81801771  621.302166    793.76627023  757.22227639
    850.80286355  800.30136867  728.06843128  621.00802328  751.09237462
    641.55764761  609.71415363]]]