[[[ 359.466       292.50070878  200.73515974  231.72324081  426.43104759
    465.89318611  749.58677854  375.07201004  418.02191148  377.98859685
    436.46756327  485.63185486  539.57186809  587.4324659   328.79298083
     98.90522       7.11911791]
  [   0.           10.28237563   -8.19139848   99.07551797  -10.28233705
     -3.02800299  108.37840399  -52.60562254 -113.29174876 -176.70302421
   -191.97344346 -125.63356829 -144.65800505 -226.86760886  -78.65274812
    -89.83799806 -182.52767069]
  [  95.40327333  106.04097679 -165.99119204 -127.7106874    84.76562036
   -183.38111769  -78.24571046  318.28555468  531.8710859   508.51070347
    609.42986355  488.36065135  262.51453911  331.75426939  539.02109218
    400.19813918  451.24845492]]]