[[[ 347.815       235.91501372  261.3952658   238.10806425  459.71420227
    474.46732203  461.19281601  297.78078637  275.80371059  259.44937513
    270.88679906  400.87493486  563.55797148  620.0839686   165.46197084
    112.11955056  141.84400523]
  [   0.          -42.51406472  -55.69518997   58.2924575    42.51348739
     36.80001758  103.32523224  -84.43992801 -251.13211999 -358.81254629
   -403.72680069 -212.07047384 -177.11281739 -266.32156944 -241.77098812
   -244.27026581 -317.19404423]
  [ 427.44795785  422.44367689   38.95172755 -304.29500766  432.45216046
     62.46729369 -309.08200959  654.74390613  786.82652073  721.30353616
    817.64605047  785.16909475  597.28539109  297.55633639  734.24623961
    483.66118111  245.50492299]]]