[[[ 459.43        355.79692758  337.35239813  435.1498555   563.06228282
    597.73565377  646.07795064  476.34564942  503.20457511  485.57641639
    485.4655418   623.51637151  842.04856191  953.22233298  391.35758946
    289.59267164  275.13866427]
  [   0.          -33.2542645   -50.61451719   46.90116953   33.25387022
     11.03271732   58.93100782  -97.0555849  -251.24090169 -341.0895181
   -364.82908367 -208.94118355 -275.80785675 -433.87876527 -246.61521356
   -233.74602125 -270.89173381]
  [ 427.38595785  431.69212086   84.40718522 -287.74051445  423.0798142
     61.30401136 -318.0357435   648.14213612  805.44199403  759.41051582
    855.41812513  792.88504083  694.58688176  758.25509206  769.63281048
    543.28819894  329.67302827]]]