[[[ 385.87        282.67221553  307.32802525  342.41500871  489.06730754
    524.55269256  507.80538391  353.316435    365.39863649  357.99385197
    379.85970291  473.79090249  584.87500991  664.49254124  253.18194502
    157.78912407  117.92752116]
  [   0.          -47.39948229  -64.75622053    2.94974594   47.39900631
     18.25257635   80.88584398  -58.12560577 -181.31836241 -276.1805246
   -292.00799777 -132.81929871 -116.59687297 -236.98651584 -186.03563466
   -192.08671221 -273.42091175]
  [ 383.52351726  379.02507153   15.55517564 -329.40551999  388.02192609
     32.4204435  -329.65625979  614.07174826  799.05090732  757.83566663
    859.69086355  781.92736487  598.67989413  623.61301549  761.58775899
    524.30237909  602.64926944]]]