[[[ 273.943       159.25712333  179.54121821  161.47481562  388.62815595
    423.72891852  413.12501579  251.53760381  294.65488681  282.6609555
    313.60313449  411.79722657  594.84216895  730.88105891  161.63597669
    -47.93252011 -118.39839974]
  [   0.          -62.92770647  -34.88244799    6.94456528   62.92701987
     66.82086286  147.30226335  -43.92708991 -140.36052436 -234.59577813
   -253.1277061   -80.35796348  -40.29905437 -181.17868664 -150.9498311
   -226.14519881 -336.27279674]
  [ 361.59665406  364.28871334  -32.18176753 -441.37159185  358.90461471
    -37.09129397 -412.33449448  618.12774345  823.70330719  792.68301014
    892.71075542  787.37511101  616.81578304  559.07554639  817.22343031
    813.57662636  902.17424592]]]