[[[ 447.73        334.55512166  332.30117934  223.11168354  560.90398146
    597.68944932  494.89596856  442.30349316  488.00094111  466.05895937
    487.72290855  608.56917705  845.66073749  901.47696517  351.11773692
     81.06556358  171.60759784]
  [   0.          -55.17416329 -120.94713535  -62.48756931   55.173461
     23.23000433   78.18019023  -62.63229516 -145.29546006 -243.90333665
   -247.16558776  -97.51116698 -169.65011453 -370.89343909 -155.01557761
   -325.46097725 -425.69073977]
  [ 146.28335562  150.54730698 -164.29615314 -544.27727869  142.01941872
   -194.85205792 -539.3991056   383.40299834  587.64583458  563.76809332
    659.11364488  539.39332226  422.25393594  575.64848329  598.40934745
    760.23587783  812.44086355]]]