[[[  -5.597      -125.83021264  -75.96848171  -39.87845681  114.63540744
    132.73829021  218.95643861  -30.25145707  -30.66400745  -32.56024792
    -21.45296396  104.79699376  309.38488208  259.27248145 -166.71598121
   -346.56876846 -412.55288542]
  [   0.          -55.60953571    2.40960515   62.49861      55.60899072
     36.97796672  133.49959226  -30.44892046 -151.12595721 -241.64100324
   -272.18147221 -104.03601408  -83.77543627 -210.45481217 -143.96405423
   -131.0842457  -234.4166764 ]
  [ 514.87541862  513.49784473   56.57577521 -370.69820115  516.25304265
     60.24339633 -351.19560545  775.43978017  973.26659405  952.20009538
   1046.52861977  970.11317318  820.52534152  730.78115729  910.44300889
    696.87695011  760.73346911]]]