[[[ 259.426       142.9502271   215.2919616   117.60477571  375.90087037
    400.13628534  324.54499892  171.50361813   96.59954724  101.59466191
     97.6018742   238.29723157  551.94063996  781.52572627  -24.58250887
   -210.86906024 -389.80723922]
  [   0.          -64.78367035  -15.87100218   47.55773068   64.78302485
    124.84020805  254.06495719  -61.77725533 -197.46388018 -301.52996054
   -324.07320992 -135.73960427  -89.58775526 -235.03648158 -190.19934903
   -178.3026838  -287.11185872]
  [ 272.96527336  255.20061821 -153.59804416 -530.05881071  290.72984477
   -113.98030702 -507.97463858  501.26894484  664.77060638  637.87575894
    724.98008482  709.09302054  841.54336492  937.57508407  589.65902108
    425.35021961  326.497671  ]]]