[[[ 297.726       187.66407363  249.73418411  276.15680918  407.78721886
    436.39588576  459.54538636  262.89737223  258.38691484  228.50812471
    234.38410015  379.25183915  503.18972016  540.97617143  143.63763763
     33.38421552   13.41817691]
  [   0.          -45.91308029  -51.01711184   51.08329952   45.91253947
     18.44478189   70.38583408  -83.89699342 -247.63877254 -346.00287657
   -388.032946   -209.23692575 -172.91168131 -245.21123468 -236.6306432
   -210.29042662 -255.44171916]
  [ 427.39195785  422.4571478    49.23628595 -301.69469085  432.32672062
     65.08917224 -312.5839003   663.0745236   798.0384375   733.28808729
    830.09578666  792.04420226  587.90193155  283.09429205  746.2988074
    486.88006634  177.28435211]]]