[[[ 368.308       263.8317993   298.02179554  396.17033663  472.78347228
    546.78190138  585.41241867  386.74289331  470.04511208  448.73177073
    496.30958856  570.90709039  728.98559238  862.87302103  349.25233214
    153.37767729   53.12803037]
  [   0.          -30.58499154  -37.02045109   36.79780088   30.58454789
     14.15410255   92.07786799  -63.62832377 -158.44018131 -246.32889582
   -263.06475612 -115.27257204  -72.0021457  -179.45721628 -155.12114415
   -224.68420057 -319.3268117 ]
  [ 122.76153787  129.64900104 -240.0585227  -617.98909533  115.87410878
   -258.47647733 -618.33270454  363.71458641  564.27758522  551.22996901
    644.77506321  496.84577594  287.89385453  107.29701663  584.06641906
    693.38665908  862.56586355]]]