[[[ 235.781       132.66000815  189.2381461   223.40844443  338.90162095
    353.34659529  344.23432779  213.16667714  265.43083424  276.35603187
    316.16703221  363.92281768  417.44600723  455.85433639  147.14398759
     34.84754366  -19.50658649]
  [   0.          -64.13026402  -57.81898005   16.51756473   64.12950568
     62.50078929  123.74244446  -42.7300938  -140.91841504 -226.11398573
   -259.72145708  -86.97869539  -30.28593466  -95.9707404  -161.77386513
   -129.83936836 -139.98682566]
  [ 333.37386368  335.09945997  -57.45591418 -391.11953511  331.64825336
    -45.4894128  -365.59100007  593.19200704  780.24808803  731.70975801
    838.99286355  740.52299901  477.17967393  180.63022089  756.64130814
    488.60636647  173.00764783]]]