[[[ 397.66        283.22172606  273.72349004  251.29891594  512.09756783
    491.43484781  478.23229458  377.04119166  388.02089704  382.91645332
    413.52678795  510.35470562  670.62920917  684.66534613  267.29861774
    160.80177711  146.8662606 ]
  [   0.          -32.09239314  -49.57900711   90.37388413   32.09188032
      5.87951257   69.87702088  -95.45602867 -264.14914114 -367.70389481
   -411.69386411 -227.60883603 -203.82839506 -285.15242917 -252.12717238
   -247.92908922 -307.7371749 ]
  [ 427.39595785  427.93822042   63.16419834 -252.40465542  426.85366113
     69.11018505 -295.63934021  656.53161545  797.81882152  737.45432012
    838.63280219  779.49860582  589.6409627   298.70228114  762.68093786
    514.36629166  207.66057933]]]