[[[ 441.89        308.65928732  302.41938201  209.75601688  575.11984646
    593.08974064  522.04822408  437.17101738  473.83945269  443.52421461
    469.34699812  616.52799973  919.64484214 1029.65205115  323.62446739
     43.34866223  -57.22445246]
  [   0.          -48.06339274 -110.85426621  -48.78533956   48.06281358
      9.36215823  106.95282338  -69.71699224 -168.72228985 -275.14603521
   -276.40021202 -123.75730896 -182.39092515 -395.07478282 -159.77917208
   -268.44610502 -421.68227841]
  [ 101.33447479  106.33824462 -223.45951268 -609.41445726   96.33073328
   -248.7520522  -602.84471719  339.80210908  539.33981335  514.39905282
    607.82540631  510.76918749  496.15982177  683.18818285  550.71054272
    647.01999104  836.09486355]]]