[[[ 497.8         387.28178584  331.46171586  384.70213377  608.31744464
    629.51954811  642.86440284  526.35868147  578.95117625  574.14412236
    592.60844204  692.66238321  816.64225929  911.99327082  452.42653921
    290.90550132  282.92698946]
  [   0.          -28.60481386  -81.21850591   24.85315411   28.60450258
    -20.0536464    30.8071365   -94.11863389 -241.77140355 -341.25939773
   -359.48996853 -199.31201015 -246.12267575 -377.51256043 -237.16458879
   -211.65086774 -247.7403124 ]
  [ 420.94700204  428.90126618  105.69235162 -264.73688269  412.99278611
     77.21220902 -300.71310843  635.74969559  800.75959301  761.15781935
    862.57686355  770.77803376  642.70086774  777.32646916  784.06383699
    576.97773381  365.00766004]]]