[[[ 418.46        303.13186621  252.12075185  187.27849641  533.78746219
    562.64536897  628.56170213  405.89279669  417.83575846  386.02439071
    405.86653546  533.37240246  665.74486027  800.56717335  300.67877182
    166.75697391  -12.38426105]
  [   0.          -21.49694144  -38.68476951   62.68621576   21.4966885
     -1.30068702   67.60251956  -58.63891399 -181.20765849 -273.56100235
   -280.97955592 -147.31897464 -128.72777143 -255.95446539 -162.10648378
   -107.64933524 -202.2495026 ]
  [ 380.61926608  386.76479718   40.82294899 -326.00270162  374.47377318
     10.25249004 -358.54487481  604.34823306  801.19954756  777.79461028
    877.21686355  762.86482623  584.47445744  608.60148921  780.59538209
    597.36132576  587.64047853]]]