[[[ 162.236        42.17119523   18.59331771   26.46482015  282.30004013
    296.12713936  297.27044358  157.45989677  129.65922642  118.3519883
    121.43680054  267.05969306  546.23874125  615.81693496    4.63868845
   -138.63039112 -243.25272108]
  [   0.          -24.50640621  -13.56373707   65.21917393   24.50628057
     19.46686963  147.61046957  -80.78799742 -224.8115992  -322.45271222
   -335.01949104 -192.54576694 -244.11251352 -389.33387533 -199.37951154
   -211.26050704 -343.01241372]
  [ 258.35210833  261.74575239 -143.57556018 -511.01733296  254.95854405
   -136.33452373 -510.94348449  487.9452405   665.91759093  649.47191672
    741.04221189  681.60826513  725.26347073  868.57944129  609.43270789
    422.71105939  561.63033412]]]