[[[ 394.66        553.97246077  641.26490689  611.08607542  235.34906953
    306.70234812  327.89833833  363.80808344  381.13365868  384.23730296
    372.93507044  218.41152031  -54.0727859   -21.58170731  538.76424944
    893.45542896 1089.68124591]
  [   0.          -82.94460176   91.93872165  -20.84921234   82.9439723
    229.10287449   56.15638893  -51.0442118   -53.39976225   43.10935257
    -12.95429905  -20.00828661   13.8295996    29.3828615  -140.70942703
   -239.663922   -136.82463069]
  [ 336.54711551  323.45331547  -77.5767035  -466.47693957  349.64088259
    -57.85864046 -483.51504885  597.83874097  817.57200178  819.96124118
    910.32116436  827.19943335  826.19873275  727.15459347  754.04787673
    678.55885161  738.44943842]]]