[[[ 412.3         343.16520519  200.90103596  367.06121882  481.43475658
    409.44691623  678.36212324  458.23691583  478.7577043   377.51479905
    422.72748484  552.83970754  565.12980002  489.04824902  398.33326704
    252.37942533  125.64644178]
  [   0.           50.78380036   10.72401604  127.14724399  -50.78341555
    -75.95855866   61.87100674  -45.70051267 -110.0345102  -170.94014984
   -174.84576262 -173.55073639 -254.32041796 -308.02522712  -34.94010694
      4.67892616 -106.28579735]
  [  88.3904623   108.38176381 -127.29224675  -44.42296881   68.39925717
   -164.16355321  -30.1899735   304.98771559  516.15522271  492.58765572
    594.67786355  471.22640954  224.25182215  218.05083047  511.2503094
    288.31292004  333.22177403]]]