[[[ 247.55        262.72411959  283.30743887  362.19752814  232.37631537
    127.23763389  106.92896603  218.13589285  230.17203229  223.27344599
    242.88108854  227.49794627  189.51948021  312.15552481  214.22415775
     92.72228438  -51.96593453]
  [   0.          -31.36184719   94.92389974   61.24570629   31.36148975
     93.86403395   40.84598143  -23.22929473  -36.83133137  -25.57722013
    -45.24350399  -20.03438787  -63.24868358 -141.54113585  -42.75180145
    -13.26140576    7.21980164]
  [ 346.95151149  346.27460363  -51.7406881  -444.08403243  347.62844194
    -49.78257438 -471.7635087   594.61130751  809.69073561  807.61446544
    909.16802019  809.24647786  782.3033774   783.98416738  737.03283358
    554.74014595  445.32645947]]]