[[[ 394.84        260.58469062  196.95839311  171.28960475  529.09430532
    595.42107926  642.00810451  366.76985072  354.49205907  323.379811
    341.65101704  497.51559898  741.43832035  950.07582192  217.12264986
    -11.64082878 -203.81247304]
  [   0.          -26.00333393  -60.94360638   28.33711148   26.00303768
    -20.10882918   83.70846664  -75.1988709  -208.44463515 -317.64108524
   -336.73744167 -176.30784775 -159.10545071 -314.25833388 -177.80396634
   -175.65360842 -325.85517201]
  [ 428.32454491  428.54214241   77.71678149 -294.92042827  428.10697889
     63.23840263 -298.8066299   657.46616339  833.44265732  779.3319509
    874.31286355  832.81551561  738.07327547  815.36230849  808.1990404
    678.39035625  789.93576305]]]