[[[ 547.75        451.93341408  446.72769579  382.11021394  643.56598615
    657.70153761  592.37982697  522.99855762  499.0490167   494.73682966
    507.91743593  610.72548162  738.45965707  681.96426132  399.29869438
    340.48437277  277.70083036]
  [   0.          -39.38778914  -58.10085107   29.02694705   39.38733352
     13.38964433   62.2370456  -101.93026507 -248.29237005 -345.71230488
   -354.62689194 -227.31458248 -426.2207965  -548.98076857 -240.0714297
   -263.82260359 -309.67639183]
  [ 136.8735811   129.04740409 -193.18460302 -505.60091478  144.69968843
   -170.39433244 -541.58052544  347.44337418  507.00604719  499.43584084
    586.74313122  540.55088806  773.55741921  836.00986355  436.60958004
    222.33944568   25.83363974]]]