[[[ 321.248       229.55710992  326.05282037  416.15265871  412.93837987
    396.64936964  453.71473436  297.25477108  324.72408098  306.00049721
    328.91662952  426.06393815  544.14522533  630.97425438  222.25058971
    144.01242742  102.23543294]
  [   0.          -36.8395727   -37.25984481   15.40906169   36.83903245
     -3.8655221     6.57331787  -64.87461901 -199.46748418 -284.24330022
   -308.32430715 -158.70808899 -133.6222378  -223.24447377 -198.4646723
   -194.53014635 -250.75689573]
  [ 410.97860464  411.21991245   52.69629391 -314.1246687   410.7372844
     30.38752669 -343.94184066  641.30880712  805.12550941  749.75861107
    851.1674453   775.05125792  564.73184098  377.95442438  778.13918904
    578.87044557  512.04681093]]]