[[[ 441.97        344.79625176  276.66099713  260.55136778  539.14314072
    635.72985087  837.53165848  441.59489619  448.65545817  392.61064533
    407.29841401  552.96277592  624.9352912   628.10086243  344.25429763
    184.24911725   84.94944946]
  [   0.          -14.02660456  -82.88330971  -32.34761296   14.02647143
    -82.6833083   -63.76142889  -67.84728842 -176.44937388 -253.26884659
   -263.69586961 -171.40748907 -225.49495734 -329.65531323 -149.27966558
   -136.04127011 -238.98452375]
  [ 335.48334809  340.69514032   38.89111383 -267.60096839  330.27161099
     34.59067954 -272.80274989  559.1166157   745.03028792  689.81697888
    791.80186355  720.38241628  501.9737381   594.11540905  721.65558779
    524.68127522  577.85835496]]]