[[[ 488.95        358.32721366  281.350245    115.09820661  619.57176342
    629.533391    595.62479895  495.53769465  510.61323256  471.49195219
    500.11789498  652.7073403   898.04272603  756.219919    364.38037963
     55.13456369 -123.18645767]
  [   0.          -32.46496977  -45.83607664   36.97643509   32.46454117
     43.17583718  176.44461935  -77.09230875 -201.15984394 -308.90937057
   -327.3915904  -185.50288448 -323.94952147 -413.76106186 -161.53318633
   -176.69023087 -296.64251881]
  [ 254.07529618  261.60309913 -101.91557015 -455.56025757  246.5475976
   -122.27622986 -480.29907259  493.04055008  675.68511777  644.38614674
    734.83676418  683.9199641   859.50086355  846.24323267  656.5148119
    710.0927187   813.01108985]]]