[[[ 338.75        222.82093562  283.46051887  305.82260495  454.67831017
    481.74368293  458.21102563  315.53937141  354.95707922  349.10097214
    368.83345918  481.70042431  708.21009276  884.89528845  217.11354943
     -9.64462186  -59.1548669 ]
  [   0.          -66.07176391  -39.99163396   12.25687465   66.07098572
     81.71812407  151.12003079  -78.6142023  -217.42701454 -320.62537272
   -344.12892943 -150.07777008 -137.93227083 -271.4535487  -225.19330613
   -280.54597368 -374.19066051]
  [ 443.22341158  437.92101955   42.03750141 -361.20506296  448.52575699
     53.82832633 -345.74881856  683.70255043  857.11320289  823.94317156
    921.33647454  836.98044592  736.89801626  641.78396835  836.26410308
    770.53154784  685.25662472]]]