[[[ 371.24        252.87912544  295.35608983  284.74990145  489.60009325
    537.00807361  566.71105372  342.33820025  352.13986216  346.5684056
    363.17319084  484.8873852   755.48886918  911.04358761  219.2376965
     11.1277629   -64.94241338]
  [   0.          -48.39372397  -41.09018168   20.59317231   48.39319474
     42.51807166  138.90609643  -91.01346524 -215.67623497 -316.8610718
   -325.10952429 -168.52074049 -220.15081928 -399.53174308 -209.93061269
   -319.91481645 -457.84115055]
  [ 243.70549844  236.80733454 -144.39082088 -522.11448736  250.60362306
   -131.16873554 -502.88012785  468.88502114  652.4465353   632.66445716
    720.10396216  662.55406447  767.46706462  879.7369858   623.84333695
    657.16012339  803.44914742]]]