[[[ 344.726       218.35600405  279.27138581  277.67632811  471.09514251
    521.57475277  528.26321783  312.48252895  320.88930447  299.18556158
    316.20852401  462.6030865   727.67654437  915.16887119  180.55785942
    -73.68530006 -242.19986268]
  [   0.          -46.91452627  -62.40993804   -7.94868219   46.91399694
     59.40325058  203.06538631  -93.77524803 -232.47448911 -340.81704335
   -355.43159298 -185.14846954 -180.29030285 -331.16638325 -215.15754017
   -236.46180123 -383.45419226]
  [ 468.61608121  458.84331089   67.44910237 -316.5453744   478.3888046
    102.20886808 -247.87924739  692.3280687   863.54295424  814.03513277
    907.94445561  863.48986619  807.40679659  862.47387118  844.09264478
    785.3653535   864.63914607]]]