[[[ 4.47710000e+02  3.49965600e+02  1.49730360e+02  1.24590626e+02
    5.45453644e+02  6.02563514e+02  6.43297431e+02  4.59307194e+02
    4.89394542e+02  4.68627220e+02  4.99654215e+02  5.82701940e+02
    6.50141616e+02  5.57046419e+02  3.86050413e+02  2.68579774e+02
    3.59917974e+02]
  [ 0.00000000e+00 -8.37550817e+00 -1.05807172e+02 -5.84925139e+01
    8.37528135e+00 -6.95767690e+01  1.05069895e+01 -5.25295493e+01
   -1.47829725e+02 -2.32197394e+02 -2.31606278e+02 -1.38615571e+02
   -2.62686516e+02 -3.83881987e+02 -1.36154363e+02 -2.60854862e+02
   -3.30158279e+02]
  [ 2.42356391e+02  2.61856643e+02 -3.97839782e-01 -3.99443872e+02
    2.22856257e+02 -7.12684660e+01 -4.04696295e+02  4.76722021e+02
    6.91040208e+02  6.77452178e+02  7.66379956e+02  6.41850317e+02
    5.48444835e+02  6.86217070e+02  6.83070691e+02  7.57713542e+02
    8.15554864e+02]]]