[[[ 318.275       170.45931311  294.55945964  316.85365618  466.08971099
    551.57367191  537.20564233  300.37855555  327.11935855  316.85981198
    341.66414111  496.18581762  851.41858103 1156.98804606  153.56887756
   -237.36838843 -473.62668525]
  [   0.          -29.99602228  -60.91312678  140.55104792   29.99559067
    -37.67505147  179.95552305 -136.99355539 -310.47723008 -442.60312544
   -454.22951473 -256.3480319  -210.04190001 -378.91008332 -274.60374334
   -282.87348138 -484.16505748]
  [ 397.96195785  378.23404359   41.4930232  -194.36567165  417.68977234
     58.80281608 -212.17337791  596.25843077  753.30126371  726.02902918
    820.28342206  757.07056756  743.13739352  709.90384183  740.12583389
    745.13503054  783.14751198]]]