[[[ 226.888        86.54405778  122.56057124  138.31886531  367.23096938
    433.32719421  498.22112591  207.48063058  222.15768352  220.75111099
    237.10193781  372.41513629  682.29590666  898.60166015   68.03898697
   -200.03463343 -392.25171746]
  [   0.          -47.15334382   12.2593593   128.0801968    47.15294269
      4.24499122  110.95486756  -65.14084456 -183.35497459 -292.30114922
   -306.58682522 -124.18290877  -84.21323975 -251.0586693  -172.80386174
   -203.52523743 -353.64467205]
  [ 440.24435285  437.49525694   39.19895774 -341.11686844  442.99348409
     28.18658471 -374.74346891  682.8093317   879.12546684  860.95417112
    950.13013347  876.21771329  889.68722083  947.06108402  855.7715787
    867.37135371  958.37382176]]]