[[[ 483.08        362.07471667  265.00118899  122.34257714  604.08440773
    604.47035299  602.05612644  486.7665633   507.70516491  460.2189444
    489.50126275  634.55054328  841.9653283   723.36502113  377.97901074
    126.1888131   -50.70117308]
  [   0.          -28.25994876  -28.12036879   50.47199454   28.2596222
     43.83214379  190.80063267  -54.80503139 -151.16878021 -241.18100336
   -246.39985135 -140.00722051 -283.81127018 -378.71029859 -116.51233122
   -156.04245705 -272.13101092]
  [  58.93802184   67.12125716 -288.82517786 -666.36952028   50.75489411
   -316.53771697 -676.61697025  301.46010663  508.08823373  500.11150194
    586.17819994  506.97267227  688.54064019  698.50700396  490.75054817
    636.55601416  859.50086355]]]