[[[ 509.54        422.94754302  387.22794475  369.6903841   596.13165251
    672.31381785  773.72619824  505.60743941  501.08044531  461.0223896
    476.40617807  604.28360894  755.84486188  801.6510961   406.54286007
    287.07394354  130.12750058]
  [   0.          -14.58552133  -42.69067837   33.23146165   14.58532018
      6.21278488   42.19203475 -105.1842491  -263.33092557 -343.29377251
   -382.12965662 -247.96783516 -244.01109261 -302.60481418 -228.86312295
   -187.58096303 -210.4488715 ]
  [ 365.71495785  363.93303418   34.5922517  -268.51427786  367.49687942
     45.29468781 -278.78491104  577.29451453  711.75295242  648.21145711
    748.62824996  703.70071141  542.12457853  296.46713629  669.51766341
    465.39639829  284.11249115]]]