[[[ 462.33        355.46544071  317.18014168  295.77887865  569.19388323
    613.35378668  659.06101263  501.7424357   571.93401889  546.95644141
    596.20145666  683.13897146  918.17492886  822.36428464  446.95127142
    192.30161573   48.53482326]
  [   0.          -16.63095671  -48.30156438   31.07637106   16.63073727
     -4.40726556  100.18211541  -84.35718829 -192.2978564  -275.34545485
   -280.10172517 -173.81191532 -288.661025   -400.79086346 -162.57016488
   -218.99969088 -318.48817384]
  [  23.65223417   37.20093353 -310.76361515 -685.40030228   10.10364684
   -342.7121066  -690.39523871  244.22223997  428.22462428  427.96126223
    512.61744246  391.04650252  432.36807558  510.22611874  439.05021128
    605.50879086  827.24986355]]]