[[[ 462.36        356.3415784   410.55281842  416.12670905  568.37778997
    607.61581157  652.95212506  501.405496    571.01992428  509.5978022
    558.31531132  680.1989173   772.30731793  702.17281801  438.39396775
    122.42368105  -55.34865667]
  [   0.          -11.80711048  -27.51555583   56.83844644   11.8068865
      7.84859878  109.16514424  -53.3752009  -166.36023984 -251.13925679
   -267.69950072 -159.6988973  -143.83263827 -225.40472289 -119.01886576
    -73.45741757 -208.9188883 ]
  [ 316.9528844   328.18418447  -41.69268783 -405.36613868  305.72165438
    -57.61264308 -398.31783691  558.71484125  753.2080975   736.36685631
    832.57534852  691.2613394   443.4918918   191.24825106  768.39767202
    787.32445322  871.41286355]]]