[[[ 435.97        313.7162361   248.53928485  304.45359684  558.22272278
    592.45462563  586.28135959  398.2429412   394.85443914  380.97915004
    397.50345325  528.42418566  780.1680216   970.83526797  258.34812787
    -32.87364066   12.4566157 ]
  [   0.          -35.07116186  -29.73251468   36.38584731   35.0707139
     -2.46504129   64.48081592  -86.46137277 -214.52281675 -325.4289915
   -342.58852354 -174.22447074 -220.29944776 -385.82141944 -194.14124971
   -312.73490576 -459.09868141]
  [ 236.61547845  231.38887056 -112.87689664 -495.96428023  241.84205347
   -119.31672984 -522.30008592  459.51581792  635.087659    614.17908007
    697.68280487  652.05269402  775.90140715  866.91156437  598.15262516
    622.43064212  778.65290308]]]