[[[ 368.128       225.88327555  293.07252109  269.59480746  510.37168797
    609.69619572  656.48580785  349.51412456  376.1054686   323.89965253
    336.2770958   536.07974847  878.17903466 1242.75030135  222.9844483
    -66.34051865 -282.0979509 ]
  [   0.          -24.80188208  -28.83935893  212.96475145   24.80142216
    -50.31070699   94.57871508 -130.44063926 -291.11459411 -409.12606325
   -433.24183712 -253.24645211 -206.18852033 -365.40856198 -248.75075821
   -264.76767292 -433.90723677]
  [ 335.21595778  327.03001192  -19.99869576 -226.17168808  343.40184533
    -35.96594061 -300.99103404  546.79367206  696.82687547  643.6200359
    739.16564613  680.61970473  612.01507145  482.00641555  708.41857924
    750.52878966  818.47486355]]]