[[[ 383.          288.81667608  241.06132231  171.12149169  477.18266088
    500.93774989  566.59385074  357.49700303  372.27745405  357.82869091
    380.10300416  470.73703006  571.92337203  644.66415322  269.18018288
    160.51138159  106.05763916]
  [   0.          -44.75076406  -19.5704597    66.45540354   44.75019108
     85.3397489   141.09975945  -68.65444327 -206.22908829 -288.40573382
   -335.48520562 -161.25978339  -98.41184183 -150.97460797 -204.03058604
   -169.513309   -190.5129688 ]
  [ 406.17580599  407.71259847   17.99364958 -334.05121406  404.63900846
     21.71176119 -333.33159049  647.3872564   813.77598699  758.73553767
    859.75986355  794.54561182  592.39881182  313.71554925  774.02372253
    548.02590035  292.18984787]]]