[[[ 465.52        365.09652368  404.08292466  435.99348424  565.94294924
    609.00155312  607.4340227   536.1671486   659.73282929  600.51849372
    664.50323439  750.29041478  798.75162929  698.98264357  532.90756543
    274.23599895  159.10348595]
  [   0.          -21.27578481  -66.59277548    9.34547342   21.27542085
    -11.74858559   76.05378877  -66.71929174 -172.69876555 -247.70756075
   -265.28941354 -158.19376485 -146.39350725 -256.87755304 -144.80894736
   -182.37584105 -329.2077155 ]
  [-107.74368456  -91.72025153 -467.48292911 -844.32175659 -123.76700277
   -490.75578503 -840.6531843   132.2896623   309.65078786  281.88108003
    373.44059136  222.602613    -51.22034579 -298.44886772  365.73737007
    571.93163394  839.16186355]]]