[[[ 368.302       266.27381802  305.2622311   362.82352463  470.32960613
    448.63125427  471.50736242  368.38093305  393.0307964   366.01803651
    397.71369304  507.87369221  667.96331841  701.15166631  272.37170498
     45.50883821 -137.10009186]
  [   0.          -25.23787214    5.15560732   68.87863727   25.23754792
      9.31305425   61.72044039  -57.08152233 -177.16670419 -261.71539706
   -274.29231137 -151.04460615 -175.98090889 -303.41237141 -150.42534353
   -110.39555373 -199.86156301]
  [ 368.7992377   374.99350419   -1.48338723 -365.2402966   362.6050317
    -21.45128812 -392.3038139   607.25221364  799.42966077  769.78326228
    872.1330516   766.59606813  571.8536665   595.99253491  783.2945182
    679.9992919   677.82602308]]]