[[[ 273.963       146.24347084  159.17497323  151.19681947  401.68165482
    449.39323577  384.70805082  264.8774207   278.66944643  267.14373684
    282.1008227   419.11253024  660.23801284  715.55697346  138.10405615
    -80.79081626 -269.35586117]
  [   0.          -48.80418799  -56.36613957    8.42872253   48.80367798
     53.44969145  171.11551855  -76.08348254 -209.22239974 -311.26640868
   -326.53070505 -166.16309442 -228.95069615 -376.51012676 -196.40570032
   -178.92826137 -258.64499266]
  [ 335.82220133  337.13392828  -61.81028383 -436.27564845  334.51052114
    -35.30411364 -414.62212357  572.89110518  753.96561577  713.67625336
    811.42484178  743.91429155  724.47641294  880.17784978  728.22837423
    616.32043323  572.50313726]]]