[[[ 486.05        364.78359802  240.50845336   15.19402643  607.31549849
    617.1257624   616.72200323  442.34024265  391.89286911  352.37455386
    348.78210854  533.42571262  814.62510951  613.58844363  280.72097854
    183.66535058  254.38006811]
  [   0.          -40.27060595  -69.47535715    9.94830856   40.26995951
     48.75294607  150.55204059 -101.96136144 -265.06831118 -364.9778126
   -405.3040359  -247.85612826 -401.21363848 -517.35120114 -243.2858518
   -270.12044792 -343.725192  ]
  [ 259.51372843  253.43321418  -86.27535661 -365.61119189  265.59419183
    -67.34737814 -405.31519784  478.8226801   609.58320081  569.26436074
    656.62762301  650.82115057  809.61286355  783.61386798  538.34641128
    293.80396389  -12.495599  ]]]