[[[ 2.26821000e+02  1.22813178e+02  1.35345978e+02  1.11112458e+02
    3.30828202e+02  2.96162971e+02  2.64103898e+02  2.28980259e+02
    2.88581990e+02  3.05500201e+02  3.29730773e+02  3.97702731e+02
    5.93501269e+02  6.00941717e+02  1.57907036e+02 -2.90795089e+01
    2.04863703e+00]
  [ 0.00000000e+00 -8.03428454e+01  3.45324359e-01  4.26222855e+01
    8.03420755e+01  1.67795667e+02  2.76174559e+02 -3.01573035e+01
   -1.19311005e+02 -1.97665478e+02 -2.19473769e+02 -4.81540687e+01
   -7.13256908e+01 -2.30058957e+02 -1.49987337e+02 -2.18562772e+02
   -2.65122699e+02]
  [ 5.07483009e+02  5.13533597e+02  5.56174906e+01 -4.17879238e+02
    5.01432487e+02  4.53981404e+01 -3.62053273e+02  7.77938228e+02
    9.96253317e+02  9.88522688e+02  1.08643325e+03  9.64949104e+02
    8.54631331e+02  8.78223229e+02  9.70387382e+02  9.13820902e+02
    9.46084659e+02]]]