[[[ 433.06        338.14832755  369.8189747   397.30171462  527.97111745
    617.77790536  658.01858176  498.49345312  607.85495956  566.51947257
    597.84669696  693.81708944  678.70761614  498.18295454  484.53094125
    263.68328558  328.79356495]
  [   0.          -36.78396824 -129.20094795  -60.34134698   36.78348879
    -45.23095986  -15.69670917  -76.81003473 -200.87371146 -285.54162808
   -292.1417979  -172.75776873 -272.34599242 -378.42342015 -202.45286129
   -270.76233272 -348.61144549]
  [ 323.05665267  332.44019303   -7.38088317 -340.55458505  313.67318115
     -4.39580177 -353.4647802   542.5702636   718.40585575  696.57976245
    800.76886355  640.7036873   369.94328954  496.49499873  731.98649731
    643.95263016  641.44712587]]]