[[[ 277.116       191.70675383  243.66065315  113.95602634  362.52474543
    505.11835262  594.96891126  171.98028705  127.64626833  178.1134916
    166.13837947  244.00674718  541.94545678  772.15175111   37.43037805
     63.23955191  265.20475708]
  [   0.          -87.18842149  -34.25159855   46.59317086   87.18759476
     99.54540721  163.2196766   -74.15402981 -200.76639063 -295.32720491
   -318.42273031 -117.41008099 -104.45668975 -317.35680932 -252.67859071
   -398.89580995 -495.80896874]
  [ 397.9708857   372.83789984  -10.73965594 -352.09058941  423.10369701
     33.1476573  -342.19070408  615.63149299  776.14854448  751.23621449
    840.33147511  796.14454193  780.60567362  713.28063078  700.00392524
    491.07640151  527.00953159]]]