[[[ 450.64        334.42683725  398.48953092  436.86469108  566.85239371
    630.54212997  636.84632551  447.66690235  486.29074764  462.56564733
    490.55629589  619.21022688  931.83320284 1162.13528143  354.18646166
    116.0020967  -146.79904241]
  [   0.          -34.90971286  -65.16348233   14.52807895   34.90921832
     19.54528307  120.40264257 -113.51257731 -258.14198905 -357.81635096
   -370.47691862 -211.96942866 -230.75684692 -401.62926876 -232.66409561
   -247.90890526 -373.24566417]
  [ 293.33329331  289.14530755  -71.29798219 -409.75536007  297.52125454
    -65.6025692  -400.26970816  510.79581142  671.4076964   634.54074618
    726.91694284  658.39853282  696.5766345   759.38432552  671.24788341
    726.67833513  824.34986355]]]