[[[ 5.27220000e+02  4.38591503e+02  5.18545159e+02  3.68666981e+02
    6.15848044e+02  6.49101224e+02  5.50765894e+02  5.25601730e+02
    5.70790777e+02  5.53665787e+02  5.85949634e+02  6.63620654e+02
    7.43165751e+02  6.57395471e+02  4.60385470e+02  2.85818326e+02
    2.18608339e+02]
  [ 0.00000000e+00 -4.81988665e+01 -1.19259519e+02 -6.08369662e+01
    4.81983557e+01 -6.89971802e+00 -2.07294414e-02 -5.78560511e+01
   -1.53298527e+02 -2.29284356e+02 -2.36091589e+02 -1.18425437e+02
   -1.94043767e+02 -3.10765797e+02 -1.58212119e+02 -1.77184050e+02
   -2.37847544e+02]
  [ 2.97837958e+02  2.99472116e+02  2.49382666e-01 -3.13188611e+02
    2.96203796e+02 -1.44486340e+01 -3.64233127e+02  5.20446205e+02
    7.24094177e+02  7.06538467e+02  8.12433864e+02  6.66569103e+02
    4.40244432e+02  5.48823894e+02  7.17259479e+02  5.88759601e+02
    5.70780339e+02]]]