[[[ 486.08        397.25501351  408.70642196  396.02853503  574.90467743
    545.40045165  502.76110091  450.24188586  461.4525274   450.32555308
    472.91071381  559.3706328   689.58942669  846.38815282  363.74387361
    299.11984565  205.96903658]
  [   0.          -50.83391038  -48.80499438   -1.64498688   50.83333682
     76.37338766  125.40983633  -52.16791611 -155.40639581 -231.03521499
   -244.16806314 -105.21585692  -85.23445464 -212.89691728 -165.91758519
   -163.15481276 -214.68253843]
  [ 385.73251467  380.35025645   16.27772216 -344.33041023  391.11472317
     36.17054733 -330.95953595  618.88583713  805.68583005  756.97825083
    862.66286355  786.60362081  604.0902007   696.1815046   773.68867278
    550.30905795  619.53221146]]]