[[[ 391.81        265.61439113  307.85714885  286.72109694  518.00462444
    507.61942539  447.72618278  347.32342846  322.91667859  293.75507901
    314.36966781  468.0380963   679.67482484  832.82943074  181.79648532
    -75.01831351 -257.55669448]
  [   0.          -41.35848633  -29.78766174   37.83329203   41.35793727
     71.43466849  172.03226003  -72.00969018 -228.23961458 -343.66807689
   -385.18282681 -184.84257292  -90.714943   -145.39905581 -197.37528405
   -154.08341283 -236.77472549]
  [ 462.42876568  455.76882188   70.13112405 -306.39590571  469.0886715
     89.19266799 -287.43886235  696.19939427  847.06904968  779.53898269
    878.04545362  854.22179998  733.72905438  500.55441922  805.97745106
    662.36322082  524.51145837]]]