[[[ 327.015       213.37041695  292.65528704  317.27555815  440.65882868
    462.0862775   464.40478475  302.46722148  315.35389493  301.16408664
    326.23346486  436.20327418  538.2735671   573.40930299  189.24800124
     30.77668894  -27.54928142]
  [   0.          -45.26336681  -58.02776971   41.5047076    45.26281679
     16.98647561   73.95499263  -85.54820123 -243.97339499 -345.99141387
   -386.37909405 -202.65706309 -156.38056708 -220.183952   -232.87492304
   -195.45742028 -233.92805409]
  [ 427.36495785  424.72115454   43.45589353 -301.15276354  430.00871234
     52.95773835 -306.03913561  654.39818037  797.25713217  736.40200163
    836.0530369   778.60111088  547.70782059  251.27000483  761.30090985
    521.67035222  253.90408936]]]