[[[ 394.7         309.44759265  395.00866729  391.63915195  479.95189431
    529.45368198  520.86324867  439.00938146  534.36727844  533.35132602
    573.20538126  618.40991897  671.4558641   624.2523724   421.142821
    275.82929843  184.52168846]
  [   0.          -52.65724325  -99.46755086  -30.22787737   52.65668507
     29.6646732    43.49456544 -117.93576728 -293.62944444 -372.4687092
   -408.96105022 -234.10756316 -205.64266095 -275.8546343  -301.77166607
   -280.73378201 -269.1601228 ]
  [ 377.53595785  376.3185794    29.62461696 -347.55955295  378.75330859
     33.29337369 -366.45769452  585.71911044  695.26717878  649.34331533
    747.58159725  655.37786488  430.22951681  175.64269456  673.96825228
    482.76783426  253.76593621]]]