[[[ 347.635       244.95929445  304.479533    271.65424915  450.31014581
    428.360508    372.47699699  315.34592005  351.60747009  333.44110273
    367.22074017  453.71934112  521.40301593  600.12863822  233.74798271
     85.03678271   68.42206716]
  [   0.          -50.19842843  -60.94039538    9.46437599   50.19774625
     56.69827576  134.16670455  -50.910888   -172.6430599  -268.37524764
   -300.21116063 -122.23272428  -40.9525966   -99.28552326 -173.31965539
   -180.29925717 -271.36316718]
  [ 433.42141476  430.51525401   42.35167451 -344.25366932  436.32751324
     50.89310322 -323.61251555  674.89782742  847.51299438  794.17678439
    894.59308408  814.05488012  560.07585025  282.00208328  825.08936336
    615.38556665  662.72413321]]]