[[[ 347.79        180.45870651  172.16758106  136.0630589   515.11996856
    547.76973679  468.42170026  329.36540228  298.08402612  243.14778293
    236.68844657  485.53110577  849.7208448  1171.50455548  126.41559468
   -167.51855125 -410.96253829]
  [   0.          -31.41985739  -44.0448615   124.31583418   31.41954713
     17.15704059  210.56864975  -81.48111443 -242.63504479 -378.96015225
   -394.31373591 -199.98210188 -135.11365335 -265.0808837  -195.63276547
   -181.04304969 -368.6978351 ]
  [ 409.67956081  402.42083275   32.36528079 -234.61696652  416.93826231
     61.34961235 -243.21460735  641.35783096  801.57632368  766.02473744
    859.72686355  822.98182605  818.02482829  739.50518405  764.05234269
    689.01447643  727.68772747]]]