[[[ 659.63        580.07555724  785.69358182 1060.88580545  739.18402825
    687.71103223  650.50119947  614.74202353  591.19190393  547.85648568
    570.710064    712.91054087  977.83630304 1226.79917072  491.61374164
    308.57371747   79.73415797]
  [   0.          -19.02234346  -28.80916557   27.26723922   19.02196551
     13.7429959    47.34965782 -111.36033182 -257.67918241 -349.78148624
   -366.73349253 -234.15841009 -241.07790482 -331.39544654 -221.38088874
   -206.61690919 -277.2663976 ]
  [ 377.47695785  360.44379962   73.76090593 -172.51338432  394.50999362
    103.79935948 -221.21097495  565.2857574   687.52122222  616.93578806
    716.60100193  695.33077501  597.64074878  427.98456075  657.18935608
    495.38777506  423.65956128]]]