[[[ 391.8         309.81577314  383.92181205  396.14730084  473.78362029
    536.62881393  528.06505596  433.16231957  528.32065183  536.69940613
    576.6233071   609.06503617  672.7476723   622.92252761  420.4079569
    303.91793947  281.78506969]
  [   0.          -58.14172387 -108.42678775  -25.03053076   58.14109946
     39.25966047   50.62626081 -144.89202333 -340.03768185 -418.5776318
   -460.21429878 -273.97310601 -252.53335521 -323.87887768 -357.26536437
   -368.23945787 -375.62281885]
  [ 356.83895785  351.49982337   -3.81215899 -368.66292338  362.17801482
     15.64786562 -382.13684193  547.94360203  615.74227518  556.23336433
    650.55448123  583.44078381  360.23826052   88.91732064  589.66631393
    370.29218215   87.48881367]]]