[[[ 397.67        299.31585897  316.70580338  314.47197828  496.02360596
    483.69423153  458.5923048   413.08278793  463.3713737   443.30279401
    488.63773027  568.61758271  742.42845605  636.05212001  345.57109188
    133.93431026  -54.74566949]
  [   0.          -28.39803128  -16.07869039   26.80893756   28.39764994
     56.04869103  133.96189048  -44.91159121 -141.3101768  -215.11956472
   -223.3880598  -116.44069177 -181.00619388 -290.87767006 -123.9911821
   -106.88490857 -183.99370494]
  [ 333.58467425  343.97118151  -42.44374235 -435.53166887  323.19823478
    -59.04573427 -431.93909035  574.01274652  781.49964849  778.05598699
    877.12234312  728.01259742  552.37864163  571.71564457  778.38152675
    739.93099734  806.33528762]]]