[[[ 274.115       130.98112845   93.24981133   40.85582069  417.24790918
    455.35806783  588.4736026   255.82963444  253.66375933  196.91407804
    210.30492965  408.82908649  724.00984428 1003.83551032  102.03270508
   -232.46024104 -490.51521289]
  [   0.          -30.01842992  -12.79037152   92.71634439   30.01814935
     -5.96063801  124.39552818  -72.48879734 -196.11513467 -296.94849053
   -318.30662    -161.95100729 -115.87329488 -260.60289197 -152.71617305
   -118.39213927 -289.25122795]
  [ 294.57572591  297.57350589  -72.4053764  -393.95220099  291.57802222
    -96.32142757 -378.64985151  542.47502543  724.31166993  672.77509773
    766.95754169  732.48828592  692.13335339  693.3570442   707.82486022
    702.51453374  815.63486355]]]