[[[ 515.52        419.52538404  524.39447258  683.45911004  611.51381059
    739.80885227  870.34849497  472.03237991  461.12913103  432.03325205
    453.97900246  579.02937837  800.31641068  984.32277293  356.15518737
    163.82195847  -37.51538163]
  [   0.          -23.48628431  -71.65652206  -15.18031331   23.48599828
    -30.97671586   -1.88260284 -110.10713028 -266.94252737 -361.90007661
   -379.17326133 -243.7866271  -262.99520381 -382.06386269 -236.85687176
   -220.30507007 -313.32458513]
  [ 362.71995785  348.56472745   37.83718215 -232.70142721  376.8750988
     64.43424481 -238.50963722  554.99344587  692.51005013  626.93712541
    722.27538405  683.24329255  529.06362527  436.25249024  674.09537431
    556.52194963  505.02650042]]]