[[[ 341.753       235.35751847  157.19494605   33.11237547  448.14764976
    539.50613213  634.35651659  275.97011448  218.19228475  195.19046869
    201.4857142   326.01260074  297.06157983  170.91289101  117.20649827
     44.93894976  -49.16140579]
  [   0.          -34.85328345  -59.14473712  -12.20001707   34.85293608
     13.42922697   68.82215285  -96.03347726 -244.72081172 -344.53086127
   -377.98870895 -238.48570537 -289.13587407 -301.6139093  -216.18150331
   -192.20391422 -274.7079224 ]
  [ 378.2593926   365.94379618   -7.20814067 -346.34017406  390.57493894
     40.89581098 -352.15336211  593.81942506  731.00097455  686.00918456
    777.99117243  783.8486727   830.19486355  702.98790652  635.53026277
    383.2590511   271.74105165]]]