[[[ 350.599       233.48401898  265.30211294  306.170314    467.71331242
    460.88498171  441.70505928  323.38990084  355.30573108  353.85661324
    384.80907418  482.47879121  729.39105631  832.55756731  219.74701097
      2.86341864  -35.97697533]
  [   0.          -56.3933106   -13.93176992   33.22839244   56.3926531
     71.42718036  149.26835661  -52.14512398 -143.33455219 -239.87817089
   -248.84570998  -90.53716911 -131.71368338 -312.92501833 -152.1952004
   -264.56158148 -368.74280015]
  [ 315.43803176  315.47502757  -86.80611444 -479.6901575   315.4010324
    -81.19990836 -473.70122693  565.7562689   770.45040521  748.60926625
    843.32851619  745.60890756  690.82407173  808.06392623  763.93207506
    770.08405344  914.94218926]]]