[[[ 456.53        417.14957868  225.13081162  423.58180704  495.9105431
    425.53244998  664.14616321  548.40354757  605.99264282  500.99229385
    555.84372945  643.26840027  562.70363934  462.20639677  547.30960746
    378.95514338  283.64858018]
  [   0.           63.74550363   31.3227536    95.93759983  -63.74498781
    -57.94384825   83.99300799  -55.37746676 -112.20638637 -148.65554699
   -157.7981782  -185.76014634 -310.10732147 -297.60114974  -34.74752484
      1.86400219  -83.43602666]
  [  73.97070217   94.76922202 -117.90349059  -65.25646286   53.17230043
   -153.64762203  -28.47315199  274.28069095  486.82072203  467.07972565
    568.25486355  429.52141525  198.35201597  391.16853798  491.61933045
    285.30051844  368.70357019]]]