[[[ 415.31        331.00602369  337.23751799  366.35267773  499.61361387
    554.21479078  591.1158488   449.45250943  532.14780494  501.88833653
    532.08150083  614.77338915  644.07778272  484.45161789  419.78035994
    202.83867573  291.7339876 ]
  [   0.          -37.36386733  -61.27812286   21.02451505   37.36333702
     17.62370116   68.43043445  -38.16824151 -123.88245465 -200.56524792
   -203.45781465  -93.61436369 -166.98122885 -271.50856726 -131.45963679
   -201.95762939 -242.55845474]
  [ 270.89059988  282.41374416  -67.61089878 -420.19047299  259.36750889
    -90.99644124 -425.0016358   515.15151419  732.45167566  730.53390902
    836.08686355  658.12037496  400.84999923  420.54380495  729.18501501
    657.13466425  599.9454148 ]]]