[[[ 433.          338.38264205  378.05492633  371.12151023  527.61677163
    605.43772166  548.27616669  423.27635805  458.91880876  444.60045221
    447.24246167  557.40914464  651.47622501  715.59037752  354.84890299
    298.08104532  389.61529285]
  [   0.          -70.30006933 -123.21855674  -14.11663851   70.29938766
     44.18405884   84.81853788  -98.94620011 -269.60321961 -362.46545877
   -406.3462077  -204.54556843 -164.52187724 -265.20758621 -292.52713124
   -336.69038469 -395.6565464 ]
  [ 392.20895785  380.48619943   23.15951589 -294.84594781  403.93158935
     80.87301155 -283.70489754  624.74120941  757.43095603  697.6784058
    799.23776794  748.74585162  532.27142201  213.95164996  702.29053373
    442.66119027  155.43939595]]]