[[[ 318.258       170.11834014  317.78703678  325.20749421  466.39669531
    567.87087633  549.47180393  306.40216824  335.97322583  324.30343992
    347.59465698  506.76126577  867.61287818 1176.33730973  161.48669233
   -230.3440833  -469.8958845 ]
  [   0.          -29.50689399  -71.5104838   145.78621744   29.50647816
    -41.7432336   194.0513117  -150.64727986 -334.63979342 -466.92403886
   -478.6885908  -279.62381872 -229.73400418 -391.14537867 -297.01361567
   -303.45196196 -501.8017642 ]
  [ 389.21095785  367.28716503   33.70906439 -190.69017452  411.13463895
     51.60135884 -201.74710155  578.00473981  727.14026374  701.97040483
    796.15007267  733.9286643   728.05368822  661.21803505  712.77588607
    729.94796334  777.56719974]]]