[[[ 368.347       256.23553705  215.72928107  173.23733764  480.45750615
    563.98675363  633.40048226  338.60664866  310.14612569  277.95937753
    283.10454563  435.8677453   623.33728974  683.93672869  190.82358336
    -36.54421372  -86.91116769]
  [   0.          -34.1025067   -13.10664255   77.8138155    34.10217231
     48.92998499  167.42499886  -71.00662454 -208.11922039 -311.93570104
   -334.80049372 -178.75877973 -200.64324064 -292.80897005 -180.48306744
   -212.23466427 -358.16280837]
  [ 429.72510585  427.36544336   49.41063019 -332.75652806  432.08477043
     43.91851534 -326.0709533   658.19952577  836.69132369  808.44358822
    896.94763391  856.30413626  869.65303746  793.97444148  781.15102824
    685.41402857  744.27252165]]]