[[[ 280.003       151.48056695   71.86517509  -56.70604717  408.52452773
    536.49251568  661.4036834   222.90689453  224.72411154  250.86735889
    267.83153135  365.03161507  695.68226028  935.15902567   84.36567471
    -79.34167898  -86.23239208]
  [   0.          -67.04034565  -64.33991068   -7.89606286   67.03963961
     51.74476949  149.81143388  -73.83074828 -190.41237606 -296.90181534
   -325.18651324 -119.64607157  -72.35338992 -279.41583071 -206.43917395
   -334.03445627 -467.60878987]
  [ 385.63039665  377.44269868  -15.20086846 -402.39079293  393.81806433
      1.12124687 -381.91641742  635.26636065  821.59930108  781.97778456
    869.53609735  841.91146096  873.81123235  887.30018957  779.04149099
    712.35778602  863.59928775]]]