[[[ 447.76        337.27690216  401.52655142  443.53117172  558.24236812
    626.43555414  626.68095945  445.98342016  484.33031824  460.06512621
    486.45516043  610.3270174   912.87091968 1134.1589335   358.18374831
    125.29490422 -111.93755676]
  [   0.          -33.36867388  -64.92715026   15.80298362   33.36821416
     17.70494604  119.57319816 -110.79890494 -251.98022977 -349.44149146
   -358.84806091 -205.32388246 -227.75198562 -397.96437035 -228.52368671
   -250.31197149 -382.49124641]
  [ 280.72690926  275.68072958  -81.01034969 -419.27812118  285.77305707
    -75.53249464 -411.81621386  495.83674469  660.64116748  634.29393675
    725.94582965  646.069777    680.01198852  741.96906582  656.95887367
    712.17615401  824.34986355]]]