[[[ 344.75        232.25209253  178.21942382  103.47760477  457.24704086
    551.55742064  632.506735    329.26236251  342.51021159  325.84751621
    343.4405427   454.77967812  556.33959174  590.18324124  226.98097123
    127.48637912   48.05620214]
  [   0.          -41.90396629  -73.31734323   15.90755826   41.90353501
     24.54262075   89.51524041  -81.92385878 -236.43213484 -331.62803746
   -373.02129568 -194.65944919 -141.82656374 -203.26654262 -227.79732034
   -182.63736958 -224.98495161]
  [ 396.41459007  395.94610429   31.80427165 -313.83117164  396.88306356
     53.1870226  -305.92830321  624.08003955  786.21279084  741.08452899
    839.06986355  764.60885614  547.08930419  283.70284869  744.18426271
    516.34413239  295.80145822]]]