[[[ 2.26870000e+02  1.09733306e+02  1.54333773e+02  9.05577030e+01
    3.44006104e+02  3.28601859e+02  2.77110316e+02  2.18209581e+02
    2.64698707e+02  2.82290304e+02  3.00037386e+02  3.88900666e+02
    6.31386633e+02  5.42280281e+02  1.29693371e+02  2.92629347e+01
    1.28692045e+01]
  [ 0.00000000e+00 -9.40526476e+01 -3.74808811e+01  1.80325417e-01
    9.40519280e+01  1.61916755e+02  2.79625986e+02 -3.02799555e+01
   -9.83282029e+01 -1.76514856e+02 -1.74004438e+02 -2.30518548e+01
   -1.04875776e+02 -3.00154890e+02 -1.48624014e+02 -3.12291384e+02
   -3.71259200e+02]
  [ 2.12248318e+02  2.12489287e+02 -2.56244485e+02 -7.40706182e+02
    2.12007401e+02 -2.53828508e+02 -6.69958242e+02  4.83159223e+02
    7.14180604e+02  7.27212811e+02  8.19673261e+02  6.90066267e+02
    6.60257083e+02  8.17132883e+02  6.97394108e+02  8.06013520e+02
    1.11098550e+03]]]