[[[ 277.116       192.04782629  242.71273166  110.80114653  362.18369472
    505.13874128  597.04692499  170.99658827  129.15101199  179.88108073
    168.97284918  244.44839003  543.04121947  782.62145546   39.11518777
     61.88641377  263.91797042]
  [   0.          -88.42228408  -35.69178172   42.71979209   88.42144158
    101.28399137  161.92762705  -73.85743878 -197.70823151 -290.41060783
   -314.44949318 -113.09032668  -97.78736949 -311.03837813 -251.4788305
   -395.54967528 -486.11644357]
  [ 401.50230999  377.18368438  -10.21441986 -352.6586344   425.82076814
     33.02194407 -342.04588437  620.62008347  782.0868907   755.05744082
    844.42094439  799.409986    783.53396543  719.88709435  709.52730778
    497.46819166  521.25223819]]]