[[[ 447.73        345.06713722  277.77704896  268.39917237  550.39223052
    621.64681779  674.19129608  462.2383286   506.35363606  475.55082716
    503.05827555  613.46025685  789.63877066  807.65186714  392.38646477
    208.77122848   91.77479362]
  [   0.          -28.56815742  -66.15822018  -19.40525      28.56784635
     18.2007593   117.95266198  -68.41076588 -167.03368993 -247.13484756
   -251.46084635 -139.87362464 -219.95247514 -362.78913043 -152.90979943
   -199.70245378 -298.32298891]
  [ 185.07463231  195.25620039 -150.65809848 -549.12868376  174.89314325
   -165.93104543 -518.16999566  418.61426383  623.33763147  609.73248322
    703.37919569  582.17193849  523.23779401  679.7545345   623.76167672
    691.09571296  841.94886355]]]