[[[ 347.765       263.3654223   377.4672764   168.87728181  432.16386494
    698.7823524   643.27570139  229.56763022  162.54642219  197.03058683
    192.82964876  277.57078129  483.78275336  552.30479798   76.71131203
     97.50514807  103.56612634]
  [   0.          -71.13642529 -181.3509814   -86.93160869   71.13564376
     12.03688537  105.31781423 -104.13589979 -270.43467536 -371.79855321
   -406.19773461 -217.05553582 -198.00916677 -308.87556071 -285.03740872
   -354.26570778 -468.12807847]
  [ 330.30095785  288.22958181  -49.80215274 -231.53597351  372.37201378
     94.46366931 -234.84378687  513.00113921  634.91718333  583.34299979
    676.64105686  665.47470973  553.51999116  294.79924965  553.4584447
    299.14000994  381.27225324]]]