[[[ 444.87        339.04159327  295.83001308  220.95393656  550.6976706
    597.62956791  611.2640982   460.29961834  505.18475985  482.91442378
    519.7736994   620.58334796  854.37754447  774.25085408  379.30143079
    124.14124255   89.85444898]
  [   0.          -31.55841502  -81.65772836  -33.37813139   31.5580003
     25.09828148  125.26848781  -85.87315245 -193.71980736 -280.45299231
   -294.85835204 -168.22880723 -274.12321574 -398.15413874 -177.11056722
   -283.7955655  -381.23252906]
  [ 135.05246621  142.66858035 -217.65573548 -579.39319954  127.43640862
   -221.62437303 -564.00271735  358.82404691  545.27200553  521.61478314
    611.46907177  523.69883702  549.21844494  645.35353103  543.54320937
    615.51083701  815.50586355]]]