[[[ 371.08        245.94090336  324.64369306  394.88486711  496.21848781
    536.48531823  545.3584555   407.52262681  492.96094666  458.17794602
    494.97293506  628.6483136   885.92884581  793.19642987  343.11775734
     68.4841888   -34.51585179]
  [   0.          -47.23574414  -31.42702645   42.31869882   47.2352216
     40.87940072  161.49479557  -62.33703206 -146.23192999 -234.45923652
   -232.25313173 -111.27624756 -235.5161055  -405.88675819 -141.23473389
   -232.20413713 -364.72280851]
  [ -12.26443704   -3.3098205  -414.071972   -774.01618133  -21.21894355
   -426.23346887 -766.24996369  235.25974365  437.84490043  409.39893852
    506.19575934  391.05317039  337.276977    555.09125848  470.59386174
    604.76097523  860.97474428]]]