[[[ 438.88        327.65478033  328.9632014   192.20580795  550.10445272
    607.49235817  685.8958888   421.55986139  485.70439033  459.22274535
    525.15348607  587.26797758  652.6332681   635.82772219  356.02311248
     69.61980979 -136.39476449]
  [   0.          -39.35101608  -58.28834607  -13.54793364   39.3504527
     21.27589119   94.54063649  -52.2970389  -155.00690292 -241.86612564
   -274.56586702 -126.91371927  -73.26801096 -174.28093395 -131.96903735
   -135.43527623 -271.72799868]
  [ 138.98055276  144.63726323 -228.22775939 -605.57395324  133.32387382
   -238.04380302 -603.66131514  395.77106287  588.59088848  545.67975407
    636.45653215  533.7714209   273.82709021  -22.27804318  607.05776177
    692.00530146  847.81886355]]]