[[[ 465.41        360.39120892  500.56495028  481.95850407  570.42809917
    629.64171128  543.36210495  435.37734792  443.43338807  420.20083363
    436.12839758  566.39174622  798.90766804  942.63247667  322.33133395
    122.47415588   31.4318964 ]
  [   0.          -47.42230456 -147.01001126  -82.92710952   47.42175934
    -34.95722237    3.63980734 -108.89333037 -265.50183872 -370.86557941
   -378.33290637 -221.39233683 -269.93733319 -426.10356921 -253.58241822
   -316.78402733 -448.38361192]
  [ 371.54695785  362.89653505   67.95374234 -263.23955772  380.19730648
     69.89327982 -267.68554224  575.97708012  729.51800354  681.13577145
    778.77192761  721.86410442  641.57644648  605.04340249  710.40698506
    628.97049439  648.55080861]]]