[[[ 276.972       124.90554219  115.4771389    10.38399385  429.03737843
    540.26110596  598.22646985  256.66160536  247.55474457  178.77189071
    171.95900592  410.89384923  745.77283588 1049.69013571   92.34715001
   -214.42325593 -484.34230921]
  [   0.          -44.65503922  -74.80096201   42.53019429   44.65463092
    -14.19478791  128.0606387   -76.26168957 -200.97919465 -306.21704837
   -317.28932758 -155.4900328  -119.09150665 -271.01736678 -169.67091113
   -156.93634116 -333.32636863]
  [ 334.12706991  334.32882494  -13.21925397 -352.90873742  333.92537896
    -29.80874374 -348.57252308  578.62756228  760.24946621  712.23898847
    805.23150021  768.03513372  770.48902641  787.96952872  741.07992283
    744.96100931  836.10686355]]]