[[[ 533.1         435.07457044  525.56157311  383.67709368  631.12485678
    654.21619459  560.75396919  533.78956203  586.41800133  568.34299445
    598.07258277  687.22505683  808.89355615  867.20685223  468.87662943
    280.5184415   116.16600668]
  [   0.          -51.59203397 -114.25457803  -45.64886749   51.5915165
     15.40670833   31.05538431  -86.8460832  -216.40199225 -299.91165836
   -313.52127678 -166.52728953 -202.03009414 -351.40890575 -216.40532916
   -193.30187638 -245.72531201]
  [ 354.69341695  353.46565122   28.28967665 -290.65736721  355.92116758
     15.75398033 -340.8489032   565.44391396  738.05559159  706.20975573
    812.62986355  687.7597704   485.17009154  568.56696087  737.32645392
    608.9800859   533.81879551]]]