[[[ 330.033       230.76068036  254.8569109   283.90135786  429.30453515
    516.65030703  466.93705935  341.83180414  426.65581445  411.96891553
    456.91976708  517.95207957  602.84669579  571.75891371  301.33161744
     21.68586812   71.98351788]
  [   0.          -44.52998751  -83.19360679  -16.00025114   44.52933806
     41.75846369  129.51349872  -58.04914133 -160.81100813 -247.20074829
   -276.45756193 -113.91645629  -65.21479747 -160.28424553 -162.21855377
   -230.92361897 -310.09318566]
  [ 371.31758762  378.59234284   -5.53245441 -398.17418446  364.04286206
      1.62999983 -363.44871701  621.00185986  815.98000139  781.32941325
    880.51577208  744.03891611  486.59631657  250.53817433  833.50724768
    863.37973665  864.74187743]]]