[[[ 259.41        116.39653104  174.65743475  161.57723706  402.42253368
    410.57485085  340.97378902  248.53509508  273.89484812  238.69283746
    255.12209823  425.79262712  710.66432376  993.21901896  115.15818843
   -187.95553936 -411.71106579]
  [   0.          -50.84229381  -24.7453716    65.80487753   50.84176771
     68.56087155  222.69115494  -67.12413534 -189.36881597 -300.50495142
   -313.05640457 -132.36942726  -78.45438952 -214.96612039 -168.60878475
   -182.8091458  -343.14256291]
  [ 331.38879145  332.14387306  -70.9788175  -453.21264458  330.63374756
    -78.98511922 -430.81424372  575.09554016  762.41353821  730.79886826
    826.46932207  747.63100997  709.39217132  710.16879499  756.20149891
    811.88803462  898.44143603]]]