[[[ 362.328       254.31869221  263.33549863  231.57010738  470.3366252
    471.17931658  469.20055276  316.88998358  301.79166272  278.60194053
    290.54874632  421.0931676   559.74889516  624.73196776  192.96921033
    123.40288786  170.7490994 ]
  [   0.          -41.92915976  -43.21379752   81.06504374   41.9286074
     45.34214554  118.4374622   -71.1651184  -225.49299956 -327.33755132
   -369.34917742 -187.17798905 -145.4564822  -237.06857283 -217.23538575
   -219.80514825 -286.93482782]
  [ 427.44895785  426.81327483   46.32883695 -291.35216366  428.08458096
     49.84935291 -299.20890593  659.29769067  806.71679288  745.69009642
    843.55447723  800.60006488  594.54260608  294.95164764  755.53700601
    502.38701869  262.14112314]]]