[[[ 742.1         640.75710435  627.36572163  652.30879324  843.44188155
    878.25666611  892.15814244  742.3250543   755.60396751  756.28695471
    789.63198459  881.69479159 1211.05002192 1277.15830872  635.20564689
    400.73403276  290.26608841]
  [   0.           -8.53697554  -58.33194348   37.27645085    8.53670458
    -37.90800423    5.79628059 -114.9625317  -254.62881977 -356.53910348
   -372.50558726 -228.53552431 -336.67043617 -517.37528603 -221.77870326
   -260.32317591 -389.11324843]
  [ 314.44350555  312.73664943   10.2346691  -316.2934537   316.15031928
      6.38495113 -368.88641473  508.84334049  661.5976594   636.80554774
    722.81049112  657.6919196   728.45766427  835.98386355  641.33501427
    643.03134759  773.7208895 ]]]