[[[ 453.64        346.16914466  336.11687276  224.64436583  561.11005043
    605.29296715  504.85811892  456.85716129  506.87071539  480.82007462
    497.84769553  621.20031238  850.81975707  914.22343138  376.71532067
    119.4712949   202.99292176]
  [   0.          -56.23636213 -114.74475332  -54.4119631    56.23568394
     36.66348114   99.06611869  -63.47008108 -144.96070336 -236.4043239
   -238.37180407  -95.07827863 -160.12437455 -354.67243689 -156.07161655
   -313.54153865 -407.04444889]
  [ 138.76114978  143.45960624 -173.34004304 -553.14529712  134.06271097
   -204.25144272 -547.67366791  377.26557126  582.35441472  561.13221831
    657.29757934  533.65979527  414.0005875   572.62738773  591.82534591
    752.34785914  812.44086355]]]