[[[ 812.65        730.37902835  741.58138168  713.44857647  894.92011926
   1077.19576311 1348.48930187  812.13330981  798.781077    773.68014393
    786.08205445  916.57831805 1209.92829531 1134.32284592  707.77140403
    553.97821152  381.14515285]
  [   0.           -7.64535742  -92.99085238  -21.0758473     7.64519311
    -54.60087443    4.91040714 -127.78668493 -264.6410116  -350.4746069
   -363.77637242 -261.5430849  -446.69269979 -598.29075698 -227.77553461
   -211.92296347 -280.45213229]
  [ 200.20063162  188.84393926  -85.54287765 -380.23834162  211.55724977
    -63.81092817 -366.22034237  380.27730153  517.70766883  474.22535169
    558.72584132  540.54273158  675.38440507  812.49986355  472.66677691
    364.79031892  360.53157051]]]