[[[ -55.446      -154.77549833 -277.0765147   -96.70001431   43.88290489
   -102.85499576  -94.77193398  -16.59887866   40.13071044   10.4640923
     45.7210207   143.50781028  384.96171564  550.94667145  -68.35367887
   -254.58854859 -388.22909108]
  [   0.           13.7382266    68.59508958  129.29289084  -13.73822852
    -19.59654555   41.29313265  -57.02533311 -146.40314507 -200.89436884
   -227.91925133 -132.54736242  -98.05276888 -179.41150064  -96.95793969
     25.86337873    6.81856152]
  [ 358.14671844  380.49283157   -3.9963707  -376.96086189  335.80080391
    -63.03142883 -452.12338845  602.09195492  791.55438513  759.12697348
    856.61210689  750.03626832  615.11808407  476.47172409  784.70804709
    717.30586244  701.44313419]]]