[[[ 288.757       181.21654558  142.42490384   67.92505148  396.2968669
    477.47992382  584.68488359  207.86671898  198.62136277  229.47936478
    243.37957676  312.18619183  474.82576699  710.78711866   85.89326971
      3.33312022  151.87009049]
  [   0.          -73.10624138  -46.91098991   28.9951187    73.10553486
     53.02827322   96.13479319  -54.92074716 -181.62234837 -278.4565583
   -315.23879644 -110.26951528  -39.33755736 -191.94036626 -212.84171565
   -278.17682249 -347.90587744]
  [ 404.24188626  394.46089314   11.45653855 -355.8738088   414.02280974
     23.28079393 -355.31806443  645.81551181  812.01940059  756.10372577
    853.40769506  818.9840201   661.40279477  589.45405863  752.80773241
    477.63078776  474.79584187]]]