[[[ 533.15        447.94966987  389.86348234  552.75468743  618.34987678
    688.53852209  806.19177028  602.89494021  711.06275175  667.70857542
    709.03829142  799.94619261  985.40868823 1158.59058415  611.52534829
    460.80573905  328.34673878]
  [   0.          -14.15726467    4.65879846   76.22548201   14.15716533
     13.61522573   71.92153226  -86.07880351 -195.85105378 -268.21202188
   -277.3079666  -166.88999599 -202.44503842 -368.90957469 -175.4553189
   -202.20697753 -295.23914054]
  [  71.26090262   84.13925308 -268.70776293 -605.08769651   58.38266856
   -306.97275582 -631.90496337  292.73374322  463.80774272  438.05066851
    530.19979921  404.33072213  253.7484155   325.59819222  495.17838847
    639.22672892  815.42586355]]]