[[[ 2.09426000e+02  6.58334846e+01  1.29509155e+02  1.39337004e+02
    3.53017498e+02  4.40434554e+02  4.97959115e+02  1.85557336e+02
    1.92543676e+02  1.80713878e+02  1.92356931e+02  3.52942376e+02
    6.96273673e+02  9.16125015e+02  3.30307027e+01 -2.50881091e+02
   -4.59600796e+02]
  [ 0.00000000e+00 -5.20341874e+01  1.22782657e+00  1.15840588e+02
    5.20337106e+01  3.95238423e+01  1.91238951e+02 -5.80704707e+01
   -1.74081573e+02 -2.88902615e+02 -3.01118357e+02 -1.16730608e+02
   -8.62708176e+01 -2.71554426e+02 -1.60742371e+02 -1.91655796e+02
   -3.59959707e+02]
  [ 4.13107038e+02  4.08549991e+02 -4.11040685e-01 -3.82335640e+02
    4.17664106e+02 -3.06724975e+00 -3.71590699e+02  6.57189315e+02
    8.55780028e+02  8.37087970e+02  9.24985598e+02  8.53817290e+02
    8.74399914e+02  9.28978023e+02  8.31919362e+02  8.49138237e+02
    9.38828678e+02]]]