[[[ 321.145       229.5761162   259.11418778  106.72071588  412.71334789
    527.16385081  582.42532249  244.55532329  222.47455695  231.25861451
    212.46710029  339.09828176  618.95844334  832.43951953  124.93007576
     94.58188821  263.24703306]
  [   0.          -86.68848242  -42.66786534   46.52476278   86.68759811
    113.66668206  196.25501099  -73.63578455 -189.82230374 -281.52532433
   -296.60801898 -113.3732324  -124.8331831  -325.06799778 -235.69102121
   -365.7801917  -451.16867693]
  [ 371.94928924  353.24143373  -34.30904968 -372.61044252  390.65700785
     -1.9337457  -362.18032307  601.76389631  777.96509687  755.61560622
    847.82786355  781.28549151  736.56192719  679.05005231  719.93917036
    523.70329645  473.90650506]]]