[[[ 300.569       194.12851599  250.25282362  297.81773838  407.00879718
    389.51214201  388.52828442  281.5559232   325.46519368  259.43464216
    286.12720609  435.05099606  572.03378124  680.86486304  208.01994488
     14.22651846 -127.91440023]
  [   0.          -42.18648046   10.39407959   64.2758035    42.18590501
     57.75750823  139.95820541  -35.52442067 -130.28769834 -201.3669404
   -219.8625046   -91.60450017  -38.9678318  -120.84232739 -120.08466837
   -153.16389234 -257.68657982]
  [  47.18601033   55.84875181 -345.62482556 -761.41021998   38.5233286
   -373.67518163 -753.76284145  309.53277263  511.57880835  479.78602419
    574.97949127  453.36387795  221.01581181  -15.06833199  526.96760854
    707.47442286  907.80023031]]]