[[[ 347.808       457.63788207  391.41019981  472.92876744  237.97917427
    180.97950803  110.13969932  346.53692699  346.96199038  334.00606004
    330.08473585  244.49905778  135.72727354  166.23180033  456.04796648
    693.95743408  783.74444094]
  [   0.          -37.64995773  109.58563881   30.91688993   37.64940849
    199.37738334  102.08324509  -41.47885019  -29.08174211   50.94767313
      5.98792124  -12.41982253  -22.78806126   41.68420838  -76.64881619
   -128.24978807   17.21165398]
  [ 321.8113231   322.85263127  -84.21129112 -493.30953466  320.77004489
    -76.27806718 -489.0521753   585.13364969  821.27391034  821.12422331
    920.22885776  756.72190259  495.43076352  268.37731551  795.68190703
    682.24400575  613.95850253]]]