[[[ 344.733       225.7272681   255.28872546  273.4920169   463.73806571
    533.9238597   486.04645416  276.03075336  261.38245149  252.92698501
    267.14387024  402.53708905  641.38087668  594.78110532  133.06028197
     55.71163278   47.44764162]
  [   0.          -67.15504441  -95.1423591   -71.76183676   67.15422541
     48.51390491  124.71965542  -49.64723951 -162.23992133 -269.24573597
   -280.96488296 -120.34248079 -195.7138057  -363.47783273 -177.83221308
   -338.76000297 -423.83424273]
  [ 363.48009817  351.37731146  -23.00725548 -383.32543416  375.58279859
     44.06431279 -344.00260968  608.88145288  791.14274138  745.7547019
    838.12471511  795.39098854  745.7832499   736.46133758  748.63705489
    628.13594428  838.97186355]]]