[[[ 4.38950000e+02  3.48214886e+02  5.27435846e+02  7.79816458e+02
    5.29684503e+02  5.25439612e+02  7.58793132e+02  3.65434596e+02
    3.07111198e+02  2.31802976e+02  2.27708635e+02  4.39002164e+02
    7.30676885e+02  9.88669080e+02  2.11125618e+02 -2.28837924e+01
   -2.75392129e+02]
  [ 0.00000000e+00 -3.38426657e+00  1.58488463e+01  3.87749213e+01
    3.38420030e+00 -3.55670229e+01 -5.25935514e-01 -1.11650250e+02
   -2.51582517e+02 -3.32893332e+02 -3.39644039e+02 -2.47590816e+02
   -2.97972239e+02 -4.48484025e+02 -1.96917580e+02 -1.45162104e+02
   -2.33865155e+02]
  [ 3.59843958e+02  3.50814546e+02  3.08169303e+01 -2.42493690e+02
    3.68873340e+02  3.07264417e+01 -2.61023659e+02  5.38014922e+02
    6.67601268e+02  6.05076212e+02  7.00424060e+02  6.74037777e+02
    6.18733370e+02  6.10868342e+02  6.45612264e+02  5.52935945e+02
    5.13093166e+02]]]