[[[ 324.268       211.66752198  291.62382198  323.10698584  436.86771641
    460.54646801  454.96344827  300.77458378  315.27646904  305.43871227
    331.99590967  435.41746698  544.54494974  578.60033826  189.75666572
     34.0991077   -23.30465679]
  [   0.          -45.13023401  -61.19858217   40.30288861   45.12967611
     15.49479347   72.67144567  -88.59167127 -248.75754486 -350.07953617
   -390.63881627 -206.84581419 -163.4083815  -225.19363766 -238.48708263
   -204.49915706 -243.12425996]
  [ 427.39595785  424.0312851    41.70416025 -297.57013367  430.76058052
     56.0427844  -304.72270039  653.8682556   795.67354189  734.64684399
    834.76542279  776.82511303  547.32071972  251.75169514  760.11370016
    519.869334    253.26264827]]]