[[[ 182.751        71.94584307  -25.3592277  -106.31289828  293.55540558
    360.90858369  499.95629169  185.84028467  155.93994989   93.7917157
     92.0100342   281.95108276  478.20228281  322.14167331   46.92953937
   -142.93500479 -325.85506532]
  [   0.           -4.09321581  -38.98147584   12.73123067    4.09320915
    -48.18116583   37.23627041  -61.99252002 -180.37820953 -252.92618241
   -267.96430941 -183.76935666 -256.65791012 -333.89034436 -130.20414298
    -64.71582334 -150.3331543 ]
  [ 310.69184948  321.75957399  -35.19425088 -395.4456367   299.62426419
    -49.53300551 -405.46299352  544.49438847  735.23408815  710.79635049
    809.54386355  721.88048145  578.52965912  512.14554689  688.50936546
    527.63557179  480.23233818]]]