[[[ 391.9         282.56147248  313.32858036  352.1953197   501.23771195
    522.40133031  482.25441241  314.25207872  229.83325812  187.20635331
    176.1438581   362.8885083   598.25259608  791.05540203  128.92914088
      4.23891567 -155.12611339]
  [   0.          -29.70412697   -4.50747946   76.36336059   29.70383094
     32.33891084  118.08587409  -93.4527715  -246.47117609 -345.15728626
   -363.63798821 -220.16143186 -244.53399332 -384.42383948 -211.14836353
   -204.42902594 -341.93565577]
  [ 230.92703513  218.38980436 -157.98110257 -499.48856381  243.46419726
   -121.50898108 -505.93090439  438.26467547  580.56752768  544.52386225
    632.3429334   631.45043548  742.75718863  859.59486355  506.63122769
    328.67818919  393.4224402 ]]]