[[[ 462.29        352.08607064  340.85391976  368.7440523   572.49304284
    590.7840978   571.43627086  425.55254413  413.58812059  340.03049467
    350.01614533  537.20950877  678.60138767  841.13024009  292.36997101
     48.77314655  -66.79627047]
  [   0.          -25.87395445  -64.92413839  -13.71116275   25.87361143
      2.28549034   66.36216932  -70.60703092 -209.63027731 -306.83842899
   -337.40542367 -185.85042169 -117.07972261 -182.67861312 -170.12150891
   -156.94136839 -306.24739558]
  [ 383.38295785  378.71245886   44.44786117 -304.72437815  388.053415
     57.26437463 -290.54226397  612.76020325  770.9432593   709.23898435
    805.01570276  765.43318385  576.00845821  326.6500653   741.52223504
    675.19415402  765.797179  ]]]