[[[ 2.97557000e+02  1.96441935e+02  1.92708012e+02  1.60474806e+02
    3.98671455e+02  4.17332635e+02  4.41243403e+02  2.87264047e+02
    3.52949979e+02  3.39185581e+02  3.91436513e+02  4.43615727e+02
    4.86568810e+02  5.05069766e+02  2.31910652e+02  4.03279904e+01
   -5.54680373e+01]
  [ 0.00000000e+00 -5.12038135e+01 -2.02007989e+01  1.56058898e+01
    5.12032291e+01  6.97301960e+01  1.45167368e+02 -2.95184229e+01
   -1.19993436e+02 -1.98144164e+02 -2.26513527e+02 -7.42567722e+01
    3.60945323e-01 -6.54814277e+01 -1.23364499e+02 -1.57635877e+02
   -2.42384679e+02]
  [ 2.80799331e+02  2.88756915e+02 -1.21831398e+02 -5.29545241e+02
    2.72841780e+02 -1.25817388e+02 -4.97297847e+02  5.46512105e+02
    7.53108497e+02  7.28954010e+02  8.24513879e+02  7.03123592e+02
    4.41195529e+02  1.69306553e+02  7.50381328e+02  7.34672095e+02
    9.15463572e+02]]]