[[[ 488.86        374.85885529  250.52862034   33.76559863  602.86029591
    604.18200008  613.97674154  443.05850687  393.08889044  363.82377548
    364.15499437  529.12594159  797.97001858  592.49112815  285.79750607
    187.85411447  261.55589937]
  [   0.          -38.69306171  -76.22419408   -4.88958975   38.69244598
     42.29403875  131.33123843  -94.73872469 -249.485109   -347.61741019
   -379.9840353  -232.06383911 -397.77268293 -523.53696568 -232.37996422
   -257.21092002 -332.54936759]
  [ 290.01540481  284.76126878  -49.91313253 -333.09232595  295.26948915
    -30.66455223 -372.26166022  506.46246092  647.86911008  621.24499747
    709.44216077  677.27204178  784.21502969  809.55886355  578.70510222
    334.0458218    49.13660139]]]