[[[ 294.685       198.1347331   261.03453051   73.90541064  391.23466294
    528.00421202  604.58033249  189.53794462  141.62828733  148.91299741
    129.94250555  263.36718479  516.20560687  751.88418022   40.6880482
    -41.59145435  119.00914973]
  [   0.          -85.12883664  -60.62264331   10.39309387   85.12802181
    104.60114945  196.33061265  -61.46234083 -179.81927701 -276.17500916
   -295.06075657 -107.79057341  -84.6276565  -266.58747348 -217.00248393
   -325.63678026 -441.28476126]
  [ 378.5565868   356.39904826  -26.45697335 -346.32642879  400.713975
     16.83071142 -328.6157545   598.17738242  770.58932878  747.11839719
    838.96486355  785.68658798  727.05876886  633.78892589  704.41891645
    467.449321    503.98779262]]]