[[[ 477.17        365.33833249  385.47070295  381.38408031  589.0008839
    620.74414453  634.39583265  488.31882215  561.13404618  537.79303427
    612.5706599   672.02670845  794.72026182  709.92478373  422.6321928
    145.44719103   25.93163397]
  [   0.          -23.57707238  -65.01293871  -20.53047142   23.57660659
      7.48591783   96.04436302  -51.59992341 -148.57254736 -239.8829601
   -260.41471025 -133.46565937 -117.71774829 -222.41079128 -124.27593752
   -201.84409152 -332.76603953]
  [ -24.88813429  -16.08529453 -374.98284453 -759.93521604  -33.69094122
   -388.67269506 -730.90376682  225.16645454  418.14082402  387.23837172
    473.80314586  355.40562353  115.96617339 -157.49837981  449.03497301
    606.17183902  844.96786355]]]