[[[ 353.615       249.39605061  310.61839651  338.96938857  457.83331484
    465.15000968  463.49640426  347.40352621  390.3007268   386.91409924
    420.92053016  499.4356829   594.65414645  622.31881101  270.925199
    148.02185146  130.99634841]
  [   0.          -43.72788656  -54.68060118   63.75526169   43.7272547
     22.58856201   72.38486003  -94.91190409 -256.62693393 -353.04761099
   -397.80166839 -211.78550148 -177.441739   -259.59800415 -253.5680359
   -238.63396501 -281.78231305]
  [ 433.36051144  433.91508955   43.7141534  -299.49831116  432.80588991
     43.95392967 -323.97790571  662.88822465  799.23284053  736.28553666
    836.50486104  770.70248253  539.24093926  232.21786041  771.00219366
    531.60090737  240.80389376]]]