[[[ 380.08        284.43603248  322.578376    286.50627793  475.72342814
    452.02781053  406.9341822   366.5725405   403.88003071  390.57853924
    436.25568575  506.93594656  661.00300146  596.5253195   290.59146005
    101.26784469  -69.79347473]
  [   0.          -43.92615181  -20.65511799   17.3507533    43.92556632
     74.31744287  144.93272295  -36.40065808 -130.68186287 -203.24897309
   -220.86475185  -98.19997286 -142.19496366 -252.90132033 -124.50436078
   -114.2143231  -189.1334573 ]
  [ 383.56251223  389.76749711  -12.52264835 -409.53073     377.35756839
    -24.1394527  -404.4332829   630.95146589  835.17409598  804.20271469
    907.10424223  792.71321143  583.59949311  647.25187578  825.58539819
    708.92978127  788.81606568]]]