[[[ 291.708       173.60758414   95.63385888  -35.9250545   409.80758325
    540.40162597  676.26600585  246.40936327  244.99495802  291.3718748
    298.05480871  374.97919986  694.64064906  954.04772021  124.62195749
     57.59681457   96.51594651]
  [   0.          -72.28629811  -50.14787678   50.8032189    72.28558769
     65.5656048   137.75203224  -82.81420423 -229.87646092 -323.50922414
   -369.27093471 -146.652538    -83.81309983 -257.67124149 -257.65903213
   -267.36670109 -316.57725022]
  [ 407.04230722  398.78448446    2.99030634 -350.51047165  415.30010464
     20.24176409 -352.70124722  655.18849378  813.83233325  772.84909835
    864.16288562  840.45575018  864.84855443  839.9475185   744.53651024
    484.61405296  247.29194314]]]