[[[ 447.71        322.27852914  338.37289394  219.9922953   573.14053039
    619.84588617  514.5882245   448.77536689  495.47454033  472.38998939
    489.8906352   630.62366916  913.55883907  947.05530278  348.72902377
     78.94394192  132.23938412]
  [   0.          -59.80928738 -147.57524678  -75.45041338   59.80851945
      7.87723956   84.98973969  -77.38094863 -180.56534051 -286.85353847
   -294.67040496 -130.48942135 -212.94367638 -413.72128184 -185.95157368
   -341.00407365 -443.37639695]
  [ 204.3172408   207.4165616  -105.88918249 -482.80069297  201.21792478
   -128.47260666 -477.37802309  444.05365599  637.68539238  601.84218699
    698.12762396  601.16608941  543.57270185  650.67021239  649.35297422
    781.05663276  821.38586355]]]