[[[ 603.76        582.87909873  411.16826711  465.53235216  624.64094226
    566.51639199  815.8539832   719.64344686  824.78028393  716.01230847
    787.35638462  830.45602259  676.62609469  617.64681898  777.76003198
    497.64988147  273.37683479]
  [   0.           64.48344394   47.0440199    43.40995229  -64.48287634
    -84.61144252  -78.12276773  -55.20107355 -125.65189503 -144.46271956
   -157.13332817 -186.58420099 -299.71861747 -266.05204126  -36.09999316
     86.73416181  -32.2694433 ]
  [  99.39594398  129.06794198 -131.5000958  -465.8273714    69.72417377
   -224.44796378 -486.99593654  289.09782581  480.41002998  475.37646048
    563.76017226  405.8650509   338.62147283  488.75772447  514.29632918
    645.97470969  741.90386355]]]