[[[ 282.982       175.15037908  168.1295829   139.95698361  390.81286675
    409.17015342  413.29056757  257.79421226  302.71908616  283.76104441
    331.15848431  405.09149462  494.30852801  506.03534831  178.53519721
    -17.23785994  -95.8855377 ]
  [   0.          -50.95489348  -20.06005004   13.24449785   50.95425875
     68.78679048  148.73654886  -26.68594452 -120.00861728 -202.76499771
   -234.79984001  -77.59001367  -11.14919771  -83.73569831 -119.42964473
   -167.49461331 -261.02699978]
  [ 285.50722219  292.41077135 -117.59154807 -524.12250684  278.60370135
   -119.03753157 -493.98522093  550.45796701  752.37884244  716.60467578
    810.58639157  708.8337965   466.11806132  195.97151831  748.74915381
    739.566088    908.80872903]]]