[[[ 276.919       159.16322697  164.38997465  175.07029476  394.67395558
    435.43410537  476.62207099  280.97344658  314.40795871  304.31147479
    325.07322398  440.43349221  652.04467899  725.53860093  177.24578339
    -74.32068662  -99.03625765]
  [   0.          -37.17196847  -31.61546733   29.02734546   37.17162499
     21.03358347  120.11835675  -81.26945164 -208.7699269  -309.58849652
   -325.70686451 -168.49317137 -200.30312909 -337.81820753 -193.09797147
   -269.37356653 -389.29262189]
  [ 350.95052414  354.45463642  -37.21911671 -428.05792056  347.44645554
    -40.21040651 -419.20831461  582.74984911  770.90689262  751.27932771
    843.13689247  760.57210839  739.41606727  781.88498096  748.63180355
    744.4453563   887.0534447 ]]]