[[[ 209.406        95.77196306   95.44661714  -17.98479144  323.03934862
    319.20189659  276.48269721  186.22330511  220.94285231  218.70569993
    242.7139175   331.88115062  389.1652863   287.1877594    86.0157944
   -122.99770547 -126.68455927]
  [   0.          -72.8800832   -29.27446184   59.81109916   72.87932615
    112.94547296  198.37494256  -11.93454973 -119.28359429 -211.77589007
   -243.06906057  -60.36675114  -17.02940697 -107.41590011 -128.07980108
    -69.14781792  -90.74669682]
  [ 441.43096278  449.97118905   25.91953643 -396.37558027  432.8907734
      4.93909372 -405.75370178  701.93281436  913.63402505  902.32219238
   1002.35566455  871.89819447  633.42890559  449.94409929  867.88534136
    667.75047248  426.45549533]]]