[[[ 438.94        323.41973948  363.8181413   397.98052029  554.45964062
    571.26216842  547.21513477  433.34164994  505.19991291  503.98234305
    564.41621437  624.12156842  862.69112431 1065.36072246  365.91290604
    124.49408211  -33.50233618]
  [   0.          -51.20805917  -17.35635092   40.85064019   51.20743162
     69.9697987   161.20166043  -51.73491074 -119.62036547 -214.70620077
   -223.73943698  -64.63652343  -11.21205975 -162.82601472 -130.78899976
   -258.16791964 -409.17362645]
  [-161.03160513 -158.54906016 -550.49013954 -936.4494985  -163.51413999
   -558.39186185 -919.14251161   98.7272805   313.03542601  290.42744252
    384.92727455  260.03356591   95.18172054    9.43594125  345.65022267
    563.50194507  889.41289337]]]