[[[ 480.04        394.70693268  411.14884375  418.69790016  565.37236243
    668.37118512  803.11225974  464.94647964  454.78258841  412.79827853
    421.34225401  561.52032798  782.19940077  847.73180118  360.83292056
    147.28769969  -28.20432826]
  [   0.           -6.27369953  -48.22379098    9.27200409    6.27365868
    -39.69420146   12.16564867 -113.53054254 -255.66149246 -334.46544922
   -343.5385045  -249.24634363 -368.67974893 -503.54625014 -211.7918915
   -216.11110923 -327.97510101]
  [ 343.38402158  338.17351104   15.96375061 -297.81303881  348.59452605
     23.69676094 -305.65105599  539.27195038  692.14737222  656.60039682
    747.3799147   701.35793705  730.40931742  792.03986355  655.55947233
    625.73972623  691.60162116]]]