[[[ 344.582       255.30790606  320.882901    339.61491248  433.85560413
    412.15358402  432.42586187  303.15298907  302.52515481  287.47204761
    292.75967163  413.5051055   642.46475389  647.41347925  201.08756129
     94.28735918  142.42501003]
  [   0.          -51.17644747  -14.87297243   24.88461357   51.17582442
     48.19295979   70.91834179  -69.94456145 -205.05258817 -288.28855515
   -307.08672446 -163.29175626 -243.24965802 -378.04225679 -212.19972439
   -310.88355932 -380.913697  ]
  [ 445.00236498  441.97769802   65.32775703 -325.49640008  448.02699039
     56.1394184  -355.7674599   679.10941797  847.6611968   820.41913962
    914.86182488  842.47875511  758.68999694  676.00620997  799.88473904
    641.18327822  684.30192134]]]