[[[ 397.73        294.35021255  360.34525524  221.73325085  501.1090257
    595.54711883  586.10011481  367.9355174   377.16566762  369.47870638
    366.2936728   499.18575344  769.64077807  883.54033996  255.01200659
     73.85123849   76.52991235]
  [   0.          -74.34631487  -75.53933016   -6.90658042   74.34564006
    106.21941799  225.71148849  -63.44236324 -162.36453436 -256.38192265
   -256.28533052  -98.01207872 -133.59602946 -330.09977077 -184.81856303
   -314.48180585 -443.94281063]
  [ 381.54451283  367.88706165  -14.53819881 -395.05407773  395.2018666
     10.55949027 -358.88384032  616.29479353  822.99813626  819.46672914
    911.12959057  819.82154036  791.57097417  853.17748672  780.48467989
    766.01223593  850.5860683 ]]]