[[[ 468.37        364.41917801  402.8800576   486.08256951  572.32010318
    564.43314853  582.46536295  466.99246972  473.0884486   437.88584489
    458.6831201   602.11454802  884.23278231  853.33296889  359.43776538
    253.17708047  160.21571693]
  [   0.          -21.46672914   -4.57529005   74.9751163    21.46629065
     35.01976799  111.02441783  -84.69665006 -239.51855813 -330.78700082
   -364.10528958 -216.62457604 -228.73146733 -302.31859209 -209.31889731
   -216.06215    -299.93877992]
  [ 460.86628368  460.11791527   68.45261641 -275.06516673  461.61464895
     71.57552453 -300.56790571  692.81715277  846.90529098  797.78925008
    891.36635011  850.19200448  799.24156007  603.43220221  808.85893109
    612.30512799  713.75168363]]]