[[[ 412.33        324.23044503  292.70752874  225.95059976  500.42897947
    608.37940103  637.51440523  383.87570481  406.98275306  410.04195431
    430.55859863  494.95808153  580.29010796  600.55162679  307.69823751
    176.44473651  194.23198545]
  [   0.          -53.81939967  -77.83192174   -7.76895604   53.8188391
     32.20887552   75.10788284  -44.87241296 -136.26589811 -215.47324016
   -222.50331375  -88.75262023 -136.00671446 -269.02856554 -154.38004736
   -197.57586022 -253.43516113]
  [ 315.72411651  315.36638385  -33.91050877 -392.16426617  316.08182948
    -15.05537742 -396.85634078  548.22649382  759.53651594  743.03222369
    844.90486355  716.68940777  525.35091364  660.29899875  731.36640789
    574.29787497  551.8510988 ]]]