[[[ 500.71        436.50615436  499.48479309  457.28933369  564.91370358
    589.09734747  546.53859273  502.97400161  558.09244601  557.79602226
    588.52250258  623.40401156  679.57360414  724.96060643  476.4067428
    411.27544998  379.51032318]
  [   0.          -56.05520494  -71.16771581  -34.60127257   56.05456667
     70.7578435    85.18849496  -32.75241071  -97.06697802 -153.72726595
   -156.71562638  -44.95329826  -69.25186162 -199.52874747 -131.34858561
   -171.85746159 -182.88851679]
  [ 311.27224597  313.12536461  -38.02278621 -419.83173     309.41910999
    -47.62411991 -411.79520943  547.53030321  768.04143846  752.51641244
    862.48186355  707.95975838  469.29622884  560.03041343  755.88987314
    607.5241226   639.2201968 ]]]