[[[ 365.371       249.48435766  124.99703016  106.86082419  481.25698076
    541.2339979   576.56611007  381.77492902  429.43033194  411.37972699
    439.33701017  542.5574511   738.03380338  776.39951674  308.72556372
    175.03685988  121.56242771]
  [   0.          -24.21195397  -68.73652851    5.2596253    24.21175013
    -44.88970192   52.99110341  -62.13689246 -153.31284777 -242.83327165
   -235.41766164 -122.88508112 -212.14136474 -385.78954406 -147.29584842
   -267.24389661 -373.79838754]
  [ -64.61561848  -48.64640105 -351.32674167 -755.75692175  -80.58469736
   -422.85080595 -777.76330538  174.68490741  385.01679558  386.17037825
    471.60205814  340.5254896   320.99533696  507.82836891  392.67243344
    587.38897121  815.54186355]]]