[[[ 438.92        325.35329189  383.37111459  385.04416859  552.48580899
    588.90154177  628.22847432  438.57865951  487.87695462  440.22510308
    493.9425211   606.79795927  742.66155636  714.19486806  351.45144357
     31.76033607 -158.37819883]
  [   0.          -21.10561117  -25.91722471   39.62093266   21.10521363
     22.3527714   116.66797067  -62.17225675 -186.04664516 -281.82883082
   -312.35127982 -169.07439324 -134.59005327 -212.13616008 -143.06900978
   -123.31421067 -261.97036849]
  [ 281.44900943  285.63997362  -97.94565181 -476.12208499  277.25806796
   -104.78788229 -459.83145366  524.07477428  704.71267972  665.29560076
    756.5540673   656.64935874  435.90693593  169.50715568  717.63636466
    772.78941401  877.46909441]]]