[[[ 462.44        368.22835072  456.93434005  402.44421094  556.65115767
    524.25537451  467.27454548  417.0039154   418.69414086  398.94542303
    423.07304998  524.79236418  655.01247976  788.75384547  310.97546332
    168.49157158   43.03400101]
  [   0.          -43.07909737  -73.88383577  -22.91914697   43.07856428
     37.02560858   57.77047374  -82.46129427 -221.41613837 -311.28748907
   -334.0544845  -178.09365293 -148.38259187 -251.76594892 -211.64339876
   -184.84032202 -262.6508985 ]
  [ 380.40095785  372.38711063   30.01142104 -300.48443334  388.4147437
     41.34634459 -311.49139526  592.9935688   746.12804888  685.86696798
    790.64255904  731.18068601  547.55361238  453.43389376  717.96280862
    527.91988157  433.27935595]]]