[[[ 271.075       163.19454885  218.06850718  258.61612326  378.95489469
    365.9747359   366.27305012  259.71180806  293.52895149  262.1670689
    279.07450973  409.86411596  518.73665658  475.51110201  168.08555191
     39.48688443  129.90846121]
  [   0.          -47.32594481  -64.85964459    3.04431612   47.3253656
     25.72245679   84.37806763  -46.22050406 -174.83495589 -272.03291008
   -303.10545541 -139.36087232 -112.35002452 -219.69313676 -171.53084001
   -198.14022313 -268.03365383]
  [ 343.92386656  345.73286931  -38.16200051 -364.1082827   342.11484957
    -22.44513593 -346.31175232  595.72095649  769.45603962  717.1910549
    815.62986355  746.37931016  507.25402083  184.74911418  736.63676132
    518.26996946  486.12223387]]]