[[[ 486.08        400.00057392  419.02737527  417.99355375  572.1590667
    544.66137686  523.26999727  467.86123555  504.11975339  491.22645261
    519.78748728  597.9174176   722.92291201  854.59941455  403.14598735
    308.74049844  235.00963471]
  [   0.          -49.88305002  -46.93121423  -10.12860686   49.88243012
     77.65652785  123.69554061  -47.35672958 -142.65534316 -215.38744654
   -223.99327523  -93.37819552  -98.55014856 -237.87192091 -157.50444839
   -187.92960522 -234.0200986 ]
  [ 378.70328572  380.31998642    7.04116768 -374.99509494  377.08657372
      4.21915973 -364.13564392  615.36117192  811.67145133  763.41753411
    870.54038066  776.52977141  578.08773844  674.43072502  797.40055931
    628.00371625  710.92285795]]]