[[[ 294.687       200.17996709  239.1358605    98.82780132  389.19350002
    511.54754533  584.67531641  196.68744516  148.6562546   168.42490584
    149.76469357  273.11158632  562.41618044  768.5468106    55.38628411
     96.4731058   264.39423083]
  [   0.          -85.71508053  -35.87251869   51.77248583   85.71419321
    112.87709916  189.40773106  -72.11330217 -198.39552921 -297.33327622
   -318.42131982 -125.06755726 -135.51720874 -344.351662   -242.05365921
   -375.85406143 -471.35321083]
  [ 397.27205749  375.77362787  -13.62378049 -354.93275401  418.77033501
     27.04934231 -340.60506158  623.588992    787.24722919  759.82504417
    848.5098115   807.89545727  792.60238787  725.4970547   713.96964193
    511.72130849  512.42475066]]]